1 2 1
1 3 1
2 976 1
2 1006 1
2 1008 1
2 1009 1
2 1167 1
2 1196 1
2 1262 1
3 448 1
3 910 1
3 911 1
3 932 1
3 1009 1
4 5 1
4 6 1
4 7 1
4 186 1
4 535 1
4 1338 1
4 1754 1
4 1846 1
5 140 1
5 1030 1
5 2173 1
6 16 1
6 53 1
6 77 1
6 110 1
6 140 1
6 175 1
6 215 1
6 345 1
6 670 1
6 703 1
6 739 1
6 746 1
6 828 1
6 887 1
6 933 1
6 1043 1
6 1102 1
6 1105 1
6 1106 1
6 1107 1
6 1108 1
6 1109 1
6 1110 1
6 1111 1
6 1112 1
6 1113 1
6 1200 1
6 1319 1
6 1397 1
6 1449 1
6 1450 1
6 1451 1
6 1452 1
6 1453 1
6 1454 1
6 1455 1
6 1456 1
6 1457 1
7 53 1
7 218 1
7 255 1
7 275 1
7 412 1
7 766 1
7 951 1
7 1332 1
7 1338 1
7 1548 1
7 1797 1
7 1964 1
7 2069 1
8 9 1
8 858 1
8 1895 1
9 52 1
9 60 1
9 117 1
9 159 1
9 163 1
9 242 1
9 243 1
9 289 1
9 509 1
9 861 1
9 930 1
9 931 1
9 932 1
9 1180 1
10 11 1
10 12 1
10 607 1
11 134 1
11 596 1
11 1403 1
11 1524 1
11 1525 1
11 1533 1
12 489 1
12 2156 1
13 340 1
13 639 1
13 985 1
13 988 1
13 1226 1
13 1691 1
14 489 1
15 177 1
15 357 1
15 1249 1
15 1300 1
15 1444 1
15 1770 1
16 489 1
16 1118 1
17 916 1
17 1388 1
17 2055 1
18 19 1
18 20 1
18 21 1
18 1009 1
19 146 1
19 218 1
19 560 1
19 801 1
19 869 1
19 1100 1
19 1170 1
21 293 1
21 384 1
21 403 1
21 424 1
21 467 1
21 560 1
21 633 1
21 658 1
21 683 1
21 757 1
21 788 1
21 801 1
21 828 1
21 1100 1
21 1250 1
21 1283 1
21 1286 1
21 1343 1
22 23 1
22 24 1
22 25 1
22 26 1
22 380 1
22 2193 1
23 1554 1
25 380 1
25 1379 1
25 2087 1
26 380 1
26 1995 1
26 2124 1
27 28 1
27 29 1
28 174 1
28 326 1
28 357 1
28 508 1
28 535 1
28 611 1
28 671 1
28 942 1
28 963 1
28 973 1
28 1260 1
28 1264 1
28 1269 1
28 1270 1
28 1279 1
28 1285 1
28 1581 1
28 1705 1
28 1808 1
28 1815 1
28 1942 1
28 2118 1
28 2140 1
28 2172 1
28 2199 1
30 31 1
30 32 1
30 33 1
30 34 1
30 35 1
30 36 1
32 35 1
32 113 1
32 117 1
32 124 1
32 154 1
32 156 1
32 219 1
32 267 1
32 411 1
32 418 1
32 430 1
32 951 1
32 1431 1
32 1514 1
32 1641 1
32 1660 1
32 1748 1
32 1749 1
32 1750 1
34 56 1
34 108 1
34 163 1
34 239 1
34 471 1
34 518 1
34 816 1
34 890 1
34 1030 1
34 1036 1
34 1282 1
34 1299 1
36 117 1
36 222 1
36 377 1
36 379 1
36 518 1
36 535 1
36 558 1
36 976 1
36 999 1
36 1030 1
36 1050 1
36 1167 1
36 1334 1
36 1341 1
36 1600 1
36 2000 1
37 38 1
37 39 1
37 40 1
38 1613 1
41 42 1
41 43 1
41 44 1
41 45 1
42 45 1
42 948 1
43 57 1
43 203 1
43 265 1
43 268 1
43 270 1
43 288 1
43 289 1
43 292 1
43 308 1
43 427 1
43 518 1
43 956 1
43 963 1
43 1131 1
43 1148 1
43 1588 1
43 1682 1
45 46 1
46 164 1
46 307 1
46 646 1
46 683 1
46 951 1
46 1143 1
46 1343 1
47 489 1
48 49 1
48 50 1
48 51 1
48 52 1
48 53 1
48 55 1
49 50 1
49 51 1
49 52 1
49 53 1
49 55 1
49 73 1
49 1369 1
50 51 1
50 52 1
50 53 1
50 55 1
50 186 1
50 1133 1
51 52 1
51 53 1
51 55 1
52 53 1
52 54 1
52 55 1
53 55 1
53 66 1
53 71 1
53 186 1
53 206 1
53 213 1
53 376 1
53 490 1
53 552 1
53 555 1
53 874 1
53 975 1
53 1043 1
53 1239 1
53 1339 1
53 1394 1
53 1395 1
53 1396 1
53 1397 1
53 1398 1
53 1399 1
53 1400 1
53 1401 1
53 1402 1
53 1490 1
53 1691 1
53 1744 1
53 1774 1
53 1840 1
53 1964 1
53 2000 1
53 2014 1
53 2016 1
53 2087 1
54 63 1
54 218 1
54 255 1
54 274 1
54 518 1
54 887 1
54 940 1
54 957 1
54 960 1
54 976 1
54 1226 1
54 1243 1
54 1342 1
54 1538 1
54 1691 1
54 1770 1
54 1786 1
54 1822 1
54 1896 1
55 109 1
55 156 1
55 159 1
55 1147 1
55 1488 1
55 1683 1
56 57 1
56 58 1
56 59 1
56 60 1
56 61 1
57 60 1
57 78 1
57 157 1
57 194 1
57 289 1
57 291 1
57 292 1
57 329 1
57 370 1
57 389 1
57 402 1
57 404 1
57 406 1
57 407 1
57 409 1
57 411 1
57 414 1
57 416 1
57 419 1
57 427 1
57 428 1
57 430 1
57 448 1
57 488 1
57 604 1
57 605 1
57 606 1
57 607 1
57 609 1
57 610 1
57 612 1
57 619 1
57 621 1
57 722 1
57 950 1
57 954 1
57 963 1
57 1058 1
57 1091 1
57 1313 1
57 1314 1
57 1325 1
57 1326 1
57 1682 1
57 1789 1
57 1947 1
57 1969 1
57 2124 1
58 60 1
58 1144 1
58 1822 1
59 363 1
59 801 1
59 802 1
59 803 1
59 804 1
59 986 1
60 107 1
60 108 1
60 154 1
60 155 1
60 161 1
60 258 1
60 376 1
60 378 1
60 403 1
60 600 1
60 612 1
60 973 1
60 1065 1
60 1168 1
60 1324 1
60 1431 1
61 365 1
61 889 1
62 535 1
62 1424 1
62 2038 1
62 2193 1
63 64 1
63 65 1
63 66 1
63 67 1
63 68 1
63 69 1
63 70 1
63 71 1
63 441 1
63 626 1
63 791 1
63 976 1
63 1338 1
63 1691 1
63 1958 1
63 2087 1
64 97 1
64 172 1
64 186 1
64 289 1
64 322 1
64 502 1
64 666 1
64 674 1
64 782 1
64 818 1
64 825 1
64 920 1
64 986 1
64 1302 1
64 1311 1
64 1396 1
64 1430 1
64 1754 1
64 1826 1
65 535 1
65 555 1
65 658 1
65 888 1
65 973 1
65 1133 1
65 1723 1
65 1992 1
65 2154 1
66 134 1
66 229 1
66 387 1
66 535 1
66 627 1
66 658 1
66 969 1
66 976 1
66 1032 1
66 1093 1
66 1260 1
66 1310 1
66 1458 1
66 1600 1
66 1621 1
66 1691 1
66 1701 1
67 384 1
67 708 1
67 778 1
67 801 1
67 912 1
67 976 1
67 1343 1
68 550 1
68 551 1
68 552 1
68 553 1
68 555 1
68 671 1
68 707 1
68 968 1
68 969 1
68 1044 1
68 1047 1
68 1051 1
68 1826 1
68 2016 1
69 309 1
69 666 1
69 976 1
69 1118 1
69 1168 1
69 1339 1
69 1444 1
69 1770 1
69 2124 1
70 550 1
70 551 1
70 553 1
70 872 1
70 968 1
70 969 1
70 973 1
70 1044 1
70 1047 1
70 1051 1
70 1262 1
70 1334 1
71 666 1
72 535 1
72 1553 1
73 111 1
73 117 1
73 123 1
73 125 1
73 126 1
73 1338 1
74 75 1
74 76 1
74 77 1
74 78 1
74 79 1
75 111 1
75 129 1
75 140 1
75 506 1
75 523 1
75 802 1
75 937 1
75 942 1
75 1740 1
75 1927 1
75 2140 1
77 200 1
77 360 1
77 825 1
77 960 1
77 1285 1
77 1293 1
77 1679 1
77 1770 1
77 1846 1
77 1896 1
77 1987 1
77 2199 1
78 138 1
78 147 1
78 296 1
78 393 1
78 576 1
78 666 1
78 943 1
78 955 1
78 1190 1
78 1353 1
78 1365 1
78 1521 1
78 1583 1
78 2088 1
78 2089 1
78 2124 1
79 792 1
79 1822 1
80 795 1
81 82 1
82 489 1
82 1353 1
83 84 1
83 518 1
85 86 1
85 87 1
86 87 1
86 103 1
87 179 1
87 1104 1
88 89 1
88 90 1
88 91 1
88 92 1
88 93 1
88 94 1
88 95 1
88 96 1
88 97 1
88 98 1
89 97 1
89 435 1
89 441 1
89 467 1
89 627 1
89 658 1
89 1066 1
89 1082 1
89 1144 1
89 1288 1
90 97 1
90 1642 1
91 97 1
92 97 1
93 97 1
94 97 1
95 97 1
96 97 1
97 98 1
97 1240 1
98 1642 1
99 100 1
99 101 1
99 102 1
99 103 1
99 104 1
99 105 1
99 627 1
99 1442 1
102 103 1
103 212 1
103 595 1
103 627 1
103 1131 1
103 1382 1
103 1401 1
103 1442 1
103 2107 1
103 2108 1
103 2109 1
103 2110 1
103 2111 1
103 2112 1
103 2113 1
104 704 1
104 1356 1
104 1396 1
104 1835 1
105 411 1
106 1310 1
107 108 1
107 109 1
107 110 1
107 739 1
107 1952 1
108 109 1
108 161 1
108 337 1
108 600 1
108 1059 1
108 1065 1
109 177 1
109 337 1
109 461 1
109 489 1
109 600 1
109 931 1
109 1295 1
109 1836 1
109 2127 1
110 262 1
110 427 1
110 722 1
110 732 1
110 911 1
110 1161 1
110 1312 1
110 2011 1
110 2134 1
111 112 1
111 113 1
111 114 1
111 115 1
111 116 1
111 117 1
111 118 1
111 119 1
111 120 1
111 121 1
111 122 1
111 123 1
111 124 1
111 125 1
111 126 1
111 127 1
111 128 1
111 129 1
111 132 1
111 160 1
111 194 1
111 229 1
111 258 1
111 322 1
111 513 1
111 518 1
111 558 1
111 615 1
111 639 1
111 717 1
111 720 1
111 770 1
111 775 1
111 777 1
111 789 1
111 832 1
111 854 1
111 870 1
111 921 1
111 951 1
111 1064 1
111 1261 1
111 1365 1
111 1371 1
111 1379 1
111 1433 1
111 1446 1
111 1475 1
111 1512 1
111 1686 1
111 1687 1
111 1688 1
112 117 1
112 122 1
112 123 1
112 125 1
112 126 1
112 156 1
112 242 1
112 656 1
112 833 1
112 1170 1
113 117 1
113 122 1
113 123 1
113 125 1
113 126 1
113 156 1
113 242 1
113 292 1
113 427 1
113 656 1
113 932 1
113 1036 1
113 1170 1
113 1789 1
113 1891 1
114 116 1
114 117 1
114 120 1
114 122 1
114 123 1
114 125 1
114 126 1
114 558 1
114 722 1
114 754 1
114 1050 1
114 1397 1
114 1408 1
116 117 1
116 120 1
116 122 1
116 125 1
116 518 1
116 1472 1
116 2187 1
117 118 1
117 122 1
117 123 1
117 125 1
117 126 1
117 128 1
117 129 1
117 157 1
117 158 1
117 159 1
117 160 1
117 165 1
117 231 1
117 232 1
117 233 1
117 234 1
117 235 1
117 236 1
117 237 1
117 238 1
117 239 1
117 240 1
117 241 1
117 242 1
117 243 1
117 292 1
117 427 1
117 473 1
117 506 1
117 1170 1
117 1616 1
117 1836 1
117 1855 1
117 1890 1
117 1904 1
117 1914 1
117 2083 1
117 2196 1
118 123 1
118 242 1
118 427 1
118 592 1
119 120 1
119 122 1
119 125 1
119 156 1
119 448 1
119 518 1
119 555 1
119 1786 1
119 1912 1
120 123 1
120 125 1
121 122 1
121 123 1
121 125 1
121 126 1
121 239 1
121 441 1
121 601 1
121 615 1
121 616 1
121 801 1
121 1036 1
121 1891 1
122 123 1
122 124 1
122 125 1
122 126 1
122 127 1
122 129 1
122 156 1
122 158 1
122 162 1
122 194 1
122 231 1
122 233 1
122 236 1
122 238 1
122 242 1
122 429 1
122 430 1
122 833 1
122 1334 1
122 1335 1
122 1914 1
123 125 1
123 126 1
123 127 1
123 158 1
123 242 1
123 427 1
123 428 1
123 506 1
124 126 1
124 156 1
124 233 1
124 242 1
124 280 1
124 292 1
124 411 1
124 413 1
124 427 1
124 428 1
124 473 1
124 506 1
124 515 1
124 656 1
124 833 1
124 1170 1
124 1171 1
124 1387 1
124 1446 1
124 1789 1
124 1791 1
124 1836 1
124 1914 1
124 2196 1
125 126 1
125 127 1
125 129 1
125 239 1
125 562 1
126 127 1
126 129 1
126 158 1
126 160 1
126 233 1
126 236 1
126 238 1
126 240 1
126 242 1
126 427 1
126 428 1
126 429 1
126 430 1
126 444 1
126 445 1
126 473 1
126 831 1
126 833 1
126 834 1
126 835 1
126 956 1
126 1170 1
126 1171 1
126 1334 1
126 1335 1
126 1336 1
126 1682 1
126 1789 1
126 1874 1
126 1884 1
126 1914 1
126 1947 1
126 2124 1
126 2145 1
127 129 1
127 156 1
127 242 1
127 292 1
127 408 1
127 427 1
127 473 1
127 730 1
127 739 1
127 761 1
127 1036 1
127 1458 1
127 2124 1
128 161 1
128 190 1
128 388 1
128 471 1
128 946 1
128 956 1
128 1161 1
129 138 1
129 156 1
129 157 1
129 158 1
129 233 1
129 236 1
129 242 1
129 280 1
129 289 1
129 291 1
129 292 1
129 427 1
129 445 1
129 473 1
129 833 1
129 921 1
129 932 1
129 1036 1
129 1170 1
129 1335 1
129 1387 1
129 1446 1
129 1789 1
129 1833 1
129 1890 1
129 1891 1
129 1914 1
130 131 1
130 132 1
130 133 1
130 1968 1
133 1968 1
134 135 1
134 576 1
134 1365 1
134 1379 1
135 535 1
135 918 1
135 931 1
136 416 1
136 448 1
136 739 1
136 931 1
136 960 1
136 1284 1
136 1553 1
136 1554 1
136 1691 1
136 1779 1
136 1808 1
136 1857 1
136 1896 1
136 2127 1
137 138 1
137 139 1
137 140 1
137 141 1
137 142 1
137 143 1
137 144 1
137 145 1
137 146 1
137 147 1
137 148 1
137 149 1
137 150 1
137 151 1
137 152 1
137 797 1
138 140 1
138 144 1
138 145 1
138 146 1
138 147 1
138 153 1
138 158 1
138 203 1
138 217 1
138 225 1
138 282 1
138 326 1
138 327 1
138 329 1
138 331 1
138 334 1
138 335 1
138 336 1
138 370 1
138 387 1
138 390 1
138 422 1
138 426 1
138 457 1
138 473 1
138 677 1
138 683 1
138 846 1
138 985 1
138 988 1
138 1058 1
138 1101 1
138 1176 1
138 1177 1
138 1198 1
138 1522 1
138 1599 1
138 1682 1
138 1702 1
138 1703 1
138 1731 1
138 1809 1
138 1816 1
138 1831 1
138 1927 1
138 1985 1
138 2000 1
138 2062 1
138 2063 1
138 2064 1
138 2065 1
138 2066 1
138 2067 1
138 2183 1
139 146 1
139 345 1
139 473 1
139 878 1
139 946 1
139 947 1
139 1176 1
139 1349 1
139 1947 1
139 2059 1
140 141 1
140 144 1
140 145 1
140 146 1
140 151 1
140 158 1
140 161 1
140 316 1
140 317 1
140 402 1
140 650 1
140 652 1
140 653 1
140 654 1
140 797 1
140 888 1
140 928 1
140 1105 1
140 1107 1
140 1126 1
140 1225 1
140 1375 1
140 1393 1
140 1845 1
141 143 1
141 144 1
141 145 1
141 146 1
141 149 1
141 151 1
141 161 1
141 190 1
141 245 1
141 253 1
141 355 1
141 359 1
141 650 1
141 651 1
141 652 1
141 653 1
141 654 1
141 885 1
141 1126 1
142 946 1
142 1182 1
142 1299 1
143 144 1
143 146 1
143 244 1
143 486 1
143 642 1
143 652 1
143 1125 1
143 1126 1
144 146 1
144 147 1
144 148 1
144 149 1
144 150 1
144 151 1
144 152 1
144 161 1
144 190 1
144 205 1
144 353 1
144 355 1
144 514 1
144 651 1
144 652 1
144 653 1
144 654 1
144 797 1
144 825 1
144 921 1
144 946 1
144 1065 1
144 1124 1
144 1126 1
144 1128 1
144 1173 1
144 1174 1
144 1175 1
144 1176 1
144 1177 1
144 1178 1
144 1179 1
144 1299 1
144 1332 1
145 146 1
145 652 1
145 797 1
145 1124 1
145 1126 1
146 151 1
146 152 1
146 253 1
146 355 1
146 357 1
146 359 1
146 650 1
146 652 1
146 653 1
146 654 1
146 797 1
147 217 1
147 225 1
147 293 1
147 326 1
147 376 1
147 387 1
147 464 1
147 473 1
147 846 1
147 1525 1
147 1816 1
147 2135 1
148 205 1
148 946 1
148 1182 1
149 244 1
149 245 1
149 251 1
149 256 1
149 353 1
149 548 1
149 651 1
149 924 1
149 928 1
149 1073 1
149 1125 1
149 1126 1
150 796 1
150 946 1
150 1182 1
151 651 1
151 652 1
151 797 1
151 885 1
151 1126 1
152 153 1
152 188 1
152 190 1
152 281 1
152 471 1
152 479 1
152 781 1
152 946 1
152 947 1
152 1299 1
152 1947 1
152 1969 1
153 154 1
153 155 1
153 156 1
153 157 1
153 158 1
153 159 1
153 160 1
153 161 1
153 162 1
153 163 1
153 402 1
153 471 1
153 473 1
153 512 1
153 607 1
153 823 1
153 887 1
153 1299 1
153 1410 1
153 1802 1
153 1803 1
153 1884 1
154 155 1
154 157 1
154 194 1
154 389 1
154 402 1
154 404 1
154 406 1
154 407 1
154 409 1
154 411 1
154 412 1
154 413 1
154 414 1
154 416 1
154 419 1
154 473 1
154 488 1
154 603 1
154 605 1
154 606 1
154 607 1
154 610 1
154 612 1
154 617 1
154 618 1
154 619 1
154 620 1
154 621 1
155 156 1
155 268 1
155 292 1
155 414 1
155 427 1
155 512 1
155 607 1
155 773 1
155 963 1
156 158 1
156 160 1
156 162 1
156 194 1
156 233 1
156 238 1
156 242 1
156 292 1
156 411 1
156 427 1
156 428 1
156 430 1
156 471 1
156 472 1
156 513 1
156 605 1
156 656 1
156 833 1
156 835 1
156 921 1
156 1170 1
156 1446 1
156 1947 1
156 2035 1
157 163 1
157 258 1
157 262 1
157 402 1
157 414 1
157 427 1
157 512 1
157 607 1
157 823 1
157 833 1
157 963 1
157 986 1
157 1588 1
157 1682 1
157 1789 1
157 2145 1
157 2191 1
158 231 1
158 242 1
158 292 1
158 427 1
158 441 1
158 473 1
158 512 1
158 656 1
158 823 1
158 833 1
158 1170 1
158 1600 1
158 1770 1
158 1947 1
159 163 1
159 243 1
159 262 1
159 289 1
159 509 1
159 801 1
159 931 1
159 932 1
159 1180 1
159 1250 1
159 1458 1
159 2134 1
160 163 1
160 292 1
160 427 1
160 471 1
160 473 1
160 558 1
160 656 1
160 986 1
160 1170 1
160 1446 1
160 1682 1
160 1789 1
160 1884 1
161 188 1
161 190 1
161 191 1
161 193 1
161 228 1
161 292 1
161 357 1
161 414 1
161 473 1
161 474 1
161 479 1
161 514 1
161 722 1
161 723 1
161 781 1
161 946 1
161 947 1
161 1216 1
161 1299 1
161 1446 1
161 1682 1
161 1947 1
161 1969 1
161 1985 1
162 387 1
162 402 1
162 408 1
162 414 1
162 471 1
162 473 1
162 833 1
162 1312 1
162 1789 1
162 1836 1
162 1884 1
162 1947 1
163 228 1
163 262 1
163 601 1
163 932 1
163 947 1
163 1036 1
163 1328 1
163 1338 1
163 1947 1
163 1969 1
165 166 1
165 167 1
165 168 1
165 169 1
165 973 1
166 973 1
167 349 1
167 446 1
167 693 1
167 700 1
167 704 1
167 766 1
167 801 1
167 1150 1
167 1151 1
167 1152 1
167 1153 1
167 1154 1
167 1155 1
167 1156 1
167 1157 1
167 1158 1
167 1196 1
167 2031 1
168 1483 1
169 973 1
170 171 1
170 172 1
170 173 1
170 174 1
170 175 1
170 176 1
170 195 1
170 364 1
170 1068 1
170 1096 1
170 1396 1
170 1459 1
170 1500 1
170 1824 1
171 172 1
171 174 1
172 173 1
172 174 1
172 199 1
172 200 1
172 201 1
172 836 1
172 1096 1
172 1483 1
172 1786 1
173 174 1
174 890 1
174 891 1
174 892 1
174 894 1
174 1952 1
175 200 1
175 218 1
175 242 1
175 255 1
175 275 1
175 412 1
175 414 1
175 951 1
175 1200 1
175 1548 1
175 1679 1
175 1680 1
175 1760 1
175 1964 1
175 2069 1
175 2171 1
176 384 1
176 411 1
176 491 1
176 498 1
176 560 1
176 592 1
176 656 1
176 666 1
176 796 1
176 801 1
176 802 1
176 973 1
176 1120 1
176 1475 1
176 1786 1
176 2010 1
176 2105 1
176 2135 1
177 178 1
177 242 1
177 280 1
177 997 1
177 999 1
177 1131 1
177 1141 1
177 1227 1
177 1397 1
177 1427 1
177 1726 1
177 1755 1
177 2209 1
177 2210 1
177 2211 1
177 2212 1
177 2213 1
178 847 1
178 1104 1
178 1202 1
178 1306 1
178 1322 1
179 294 1
179 818 1
179 985 1
179 991 1
180 181 1
180 182 1
180 183 1
180 184 1
180 273 1
180 1411 1
180 1463 1
180 1588 1
180 1641 1
180 1696 1
180 1875 1
180 2157 1
181 182 1
181 183 1
181 299 1
181 300 1
181 301 1
181 302 1
181 303 1
181 1173 1
181 1378 1
181 1379 1
181 1836 1
181 1875 1
181 2150 1
181 2197 1
182 1354 1
182 1397 1
183 1478 1
185 186 1
185 187 1
185 188 1
185 189 1
185 1329 1
185 1605 1
185 1606 1
185 1607 1
186 189 1
186 597 1
186 782 1
186 1043 1
186 1102 1
186 1494 1
186 1581 1
186 1735 1
186 2119 1
187 188 1
187 189 1
187 980 1
187 992 1
187 1367 1
187 1422 1
187 1613 1
187 1669 1
187 1793 1
187 1845 1
187 2205 1
187 2206 1
187 2207 1
188 189 1
188 268 1
188 273 1
188 1251 1
188 1494 1
188 1641 1
188 1649 1
189 489 1
189 598 1
189 610 1
189 792 1
189 1530 1
190 191 1
190 192 1
190 193 1
190 194 1
190 360 1
190 473 1
190 479 1
190 506 1
190 642 1
190 688 1
190 781 1
190 838 1
190 956 1
190 1107 1
190 1131 1
190 1238 1
190 1299 1
190 1430 1
190 1445 1
190 1453 1
190 1501 1
190 1521 1
190 1559 1
190 1705 1
190 1728 1
190 1760 1
190 1770 1
190 1896 1
190 1947 1
190 2124 1
190 2140 1
191 1204 1
192 576 1
192 761 1
192 988 1
192 1030 1
192 1343 1
193 292 1
193 338 1
193 344 1
193 382 1
193 471 1
193 558 1
193 946 1
194 402 1
194 414 1
194 471 1
194 473 1
194 518 1
194 607 1
194 620 1
194 722 1
194 730 1
194 732 1
194 761 1
194 833 1
194 1030 1
194 1058 1
194 2105 1
195 196 1
195 197 1
198 345 1
199 825 1
199 1210 1
199 1338 1
200 201 1
200 229 1
200 297 1
200 311 1
200 312 1
200 313 1
200 314 1
200 315 1
200 316 1
200 357 1
200 499 1
200 535 1
200 539 1
200 555 1
200 647 1
200 730 1
200 858 1
200 861 1
200 877 1
200 906 1
200 919 1
200 942 1
200 987 1
200 1041 1
200 1068 1
200 1113 1
200 1226 1
200 1456 1
200 1463 1
200 1491 1
200 1492 1
200 1493 1
200 1497 1
200 1500 1
200 1527 1
200 1528 1
200 1529 1
200 1576 1
200 1623 1
200 1698 1
200 1727 1
200 1728 1
200 1729 1
200 1730 1
200 1731 1
200 1732 1
200 1733 1
200 1734 1
200 1735 1
200 1736 1
200 1737 1
200 1738 1
200 1739 1
200 1786 1
200 2011 1
200 2118 1
200 2164 1
200 2173 1
200 2191 1
201 311 1
201 312 1
201 313 1
201 314 1
201 315 1
201 357 1
201 499 1
201 647 1
201 730 1
201 940 1
201 1239 1
201 1338 1
201 1397 1
201 1401 1
201 1458 1
201 1491 1
201 1522 1
201 1769 1
201 1777 1
201 1927 1
201 2037 1
201 2056 1
201 2134 1
202 203 1
202 204 1
202 205 1
203 205 1
203 291 1
203 292 1
203 294 1
203 390 1
203 391 1
203 392 1
203 422 1
203 585 1
203 587 1
203 795 1
203 955 1
203 1024 1
203 1026 1
203 1027 1
203 1028 1
203 1097 1
203 1098 1
203 1099 1
203 1286 1
203 1588 1
203 2075 1
204 270 1
204 286 1
204 387 1
204 432 1
204 498 1
204 562 1
204 627 1
204 1260 1
204 1262 1
204 1338 1
204 1430 1
204 1774 1
204 1840 1
205 266 1
205 289 1
205 292 1
205 390 1
205 391 1
205 392 1
205 422 1
205 563 1
205 1024 1
205 1025 1
205 1026 1
205 1027 1
205 1028 1
205 1097 1
206 207 1
208 209 1
208 210 1
208 211 1
208 212 1
208 213 1
208 214 1
208 215 1
208 216 1
208 377 1
208 622 1
208 862 1
209 216 1
209 476 1
209 1661 1
210 308 1
210 463 1
210 708 1
210 720 1
210 722 1
211 377 1
211 788 1
211 1661 1
211 1889 1
212 280 1
212 1073 1
212 1130 1
212 1131 1
212 1227 1
213 456 1
214 1661 1
215 981 1
217 581 1
217 665 1
217 666 1
217 667 1
217 1446 1
217 1447 1
217 1448 1
217 2124 1
218 219 1
218 220 1
218 221 1
218 222 1
218 223 1
218 224 1
218 225 1
218 226 1
218 227 1
218 228 1
218 229 1
218 230 1
218 518 1
218 828 1
218 1113 1
218 1463 1
218 1494 1
218 1552 1
218 1562 1
219 1836 1
219 2040 1
220 270 1
220 518 1
220 732 1
220 946 1
220 1227 1
220 1251 1
221 806 1
222 223 1
222 224 1
222 225 1
222 227 1
222 432 1
222 895 1
222 896 1
222 897 1
222 898 1
222 899 1
222 900 1
222 901 1
222 902 1
222 903 1
222 904 1
222 905 1
222 906 1
222 907 1
222 908 1
222 955 1
222 978 1
222 1011 1
222 1060 1
222 1200 1
222 1223 1
222 1248 1
222 1396 1
222 1490 1
222 1554 1
222 1630 1
222 1946 1
223 227 1
223 535 1
223 1060 1
223 1200 1
223 1223 1
223 1490 1
223 1537 1
223 1554 1
223 1946 1
224 227 1
224 326 1
224 906 1
224 914 1
225 227 1
225 323 1
225 325 1
225 326 1
225 1094 1
225 1095 1
227 648 1
227 649 1
227 1060 1
227 1221 1
227 1222 1
227 1223 1
227 1554 1
227 1956 1
227 1958 1
227 2073 1
228 262 1
228 284 1
228 288 1
228 322 1
228 420 1
228 439 1
228 510 1
228 550 1
228 607 1
228 666 1
228 991 1
228 1299 1
228 1341 1
229 386 1
229 462 1
229 779 1
229 979 1
229 980 1
229 1204 1
229 1206 1
229 1207 1
229 1208 1
229 1241 1
229 1482 1
229 1770 1
229 1784 1
229 1896 1
229 1952 1
229 2011 1
229 2140 1
229 2199 1
230 268 1
230 292 1
230 387 1
230 473 1
230 506 1
230 562 1
230 836 1
230 869 1
230 956 1
230 1107 1
230 1283 1
230 1789 1
230 1880 1
230 2124 1
231 233 1
231 427 1
231 429 1
231 1170 1
232 242 1
232 506 1
233 242 1
233 280 1
233 427 1
233 473 1
233 506 1
233 656 1
233 833 1
233 1161 1
233 1273 1
233 1770 1
233 1789 1
233 1914 1
233 1977 1
233 1978 1
233 1979 1
235 427 1
235 506 1
235 739 1
235 1789 1
235 2124 1
236 292 1
236 427 1
236 1170 1
236 1836 1
237 516 1
237 517 1
237 778 1
238 427 1
238 473 1
238 1170 1
238 1446 1
239 615 1
239 616 1
239 932 1
239 1036 1
240 242 1
240 292 1
241 798 1
241 932 1
242 258 1
242 280 1
242 292 1
242 413 1
242 427 1
242 428 1
242 429 1
242 430 1
242 473 1
242 656 1
242 823 1
242 831 1
242 833 1
242 834 1
242 980 1
242 1066 1
242 1170 1
242 1171 1
242 1358 1
242 1362 1
242 1373 1
242 1414 1
242 1421 1
242 1469 1
242 1564 1
242 1613 1
242 1667 1
242 1668 1
242 1669 1
242 1670 1
242 1671 1
242 1672 1
242 1789 1
242 1890 1
242 2124 1
243 262 1
243 289 1
243 478 1
243 479 1
243 509 1
243 677 1
243 861 1
243 931 1
243 1029 1
243 1030 1
243 1031 1
243 1180 1
243 2134 1
244 245 1
244 246 1
244 247 1
244 248 1
244 249 1
244 250 1
244 251 1
244 252 1
244 253 1
244 254 1
244 255 1
244 256 1
244 257 1
244 258 1
244 259 1
244 260 1
244 261 1
244 928 1
245 256 1
245 353 1
245 651 1
245 924 1
245 1125 1
245 1126 1
246 256 1
246 1332 1
247 251 1
247 254 1
247 255 1
247 651 1
248 256 1
248 258 1
248 928 1
250 251 1
250 256 1
250 928 1
250 1332 1
250 2128 1
251 253 1
251 254 1
251 256 1
251 257 1
251 258 1
251 304 1
251 353 1
251 928 1
251 1126 1
251 1332 1
252 928 1
253 256 1
253 258 1
253 484 1
253 486 1
253 490 1
253 636 1
253 642 1
253 651 1
253 823 1
253 924 1
253 928 1
253 1124 1
253 1125 1
253 1126 1
253 1332 1
254 255 1
254 256 1
254 257 1
254 651 1
254 928 1
254 1126 1
254 1332 1
255 256 1
255 258 1
255 267 1
255 353 1
255 651 1
255 1126 1
255 1332 1
256 258 1
256 259 1
256 260 1
256 354 1
256 356 1
256 1332 1
257 651 1
257 1332 1
258 262 1
258 473 1
258 514 1
258 576 1
258 607 1
258 651 1
258 761 1
258 926 1
258 927 1
258 928 1
258 1332 1
259 651 1
259 928 1
259 1332 1
260 928 1
260 1332 1
262 263 1
262 264 1
262 265 1
262 266 1
262 267 1
262 268 1
262 269 1
262 270 1
262 271 1
262 272 1
262 273 1
262 1588 1
263 289 1
263 1032 1
264 305 1
265 270 1
265 289 1
265 291 1
265 292 1
265 350 1
265 351 1
265 502 1
265 523 1
265 563 1
265 921 1
265 1147 1
265 2128 1
266 288 1
266 294 1
266 558 1
266 560 1
266 707 1
266 782 1
266 788 1
266 818 1
266 825 1
266 985 1
266 986 1
266 991 1
266 1136 1
266 1483 1
267 387 1
267 598 1
267 871 1
267 872 1
267 873 1
267 874 1
267 875 1
267 876 1
267 877 1
267 1322 1
267 1340 1
268 291 1
268 339 1
268 779 1
268 1521 1
268 1690 1
268 2004 1
269 1339 1
270 289 1
270 291 1
270 292 1
270 349 1
270 350 1
270 351 1
270 352 1
270 802 1
272 620 1
272 1300 1
272 1338 1
272 1600 1
273 280 1
273 357 1
273 414 1
273 489 1
273 563 1
273 592 1
273 597 1
273 656 1
273 784 1
273 947 1
273 973 1
273 976 1
273 986 1
273 1030 1
273 1098 1
273 1216 1
273 1262 1
273 1338 1
273 1435 1
273 1522 1
273 1601 1
273 1740 1
273 1770 1
273 1896 1
273 1966 1
273 2014 1
273 2028 1
274 275 1
274 276 1
274 277 1
274 278 1
274 279 1
274 280 1
274 281 1
274 282 1
274 283 1
274 284 1
274 457 1
274 868 1
275 276 1
275 277 1
275 278 1
275 279 1
275 281 1
275 282 1
275 283 1
275 284 1
275 310 1
275 457 1
275 512 1
275 868 1
275 1113 1
275 1463 1
276 277 1
276 279 1
276 280 1
276 281 1
276 282 1
276 283 1
276 284 1
276 306 1
276 457 1
276 512 1
276 868 1
277 278 1
277 279 1
277 280 1
277 281 1
277 282 1
277 283 1
277 284 1
277 285 1
277 306 1
277 457 1
277 512 1
277 868 1
278 279 1
278 281 1
278 282 1
278 283 1
278 457 1
278 512 1
278 868 1
278 939 1
279 280 1
279 281 1
279 282 1
279 283 1
279 284 1
279 457 1
279 512 1
279 866 1
279 868 1
279 939 1
280 281 1
280 282 1
280 283 1
280 429 1
280 457 1
280 478 1
280 479 1
280 512 1
280 649 1
280 739 1
280 830 1
280 834 1
280 868 1
280 939 1
280 1073 1
280 1175 1
280 1335 1
280 1355 1
280 1356 1
280 1365 1
280 1375 1
280 1382 1
280 1409 1
280 1410 1
280 1411 1
280 1412 1
280 1413 1
280 1414 1
280 1415 1
280 1416 1
280 1805 1
281 282 1
281 283 1
281 284 1
281 306 1
281 457 1
281 868 1
281 1333 1
282 283 1
282 284 1
282 306 1
282 457 1
282 512 1
282 866 1
282 867 1
282 868 1
283 284 1
283 512 1
283 868 1
283 939 1
284 305 1
284 306 1
284 307 1
284 363 1
284 457 1
284 512 1
284 704 1
284 921 1
284 995 1
285 292 1
286 287 1
286 347 1
286 480 1
286 498 1
286 624 1
286 1168 1
288 289 1
288 290 1
288 291 1
288 292 1
288 293 1
288 294 1
288 548 1
289 291 1
289 292 1
289 295 1
289 296 1
289 297 1
289 298 1
289 626 1
289 963 1
289 1588 1
290 378 1
290 535 1
290 558 1
290 826 1
290 921 1
290 1017 1
290 1050 1
290 1740 1
290 1969 1
291 292 1
291 308 1
291 739 1
291 956 1
291 963 1
291 1107 1
291 1148 1
291 1305 1
291 1588 1
291 1682 1
291 2090 1
292 298 1
292 306 1
292 308 1
292 349 1
292 411 1
292 427 1
292 513 1
292 518 1
292 558 1
292 612 1
292 738 1
292 789 1
292 921 1
292 951 1
292 956 1
292 963 1
292 1039 1
292 1065 1
292 1131 1
292 1147 1
292 1148 1
292 1170 1
292 1225 1
292 1375 1
292 1387 1
292 1431 1
292 1506 1
292 1588 1
292 1644 1
292 1649 1
292 1679 1
292 1682 1
292 1834 1
292 1850 1
292 1927 1
292 1929 1
292 1980 1
292 1981 1
292 1982 1
293 294 1
293 558 1
293 590 1
293 818 1
293 825 1
293 991 1
294 535 1
294 558 1
294 559 1
294 560 1
294 585 1
294 586 1
294 587 1
294 588 1
294 589 1
294 590 1
294 591 1
294 660 1
294 818 1
294 825 1
294 991 1
296 1922 1
297 931 1
297 932 1
297 1180 1
297 2134 1
305 306 1
305 307 1
305 308 1
306 307 1
308 438 1
308 817 1
308 1039 1
308 1080 1
308 1081 1
308 1185 1
309 310 1
309 1354 1
309 1569 1
311 315 1
311 1744 1
312 315 1
312 499 1
312 637 1
312 730 1
312 960 1
312 1219 1
313 315 1
313 411 1
313 499 1
313 1219 1
314 315 1
315 415 1
315 730 1
315 987 1
316 317 1
316 739 1
316 1332 1
316 1430 1
316 1770 1
316 1827 1
316 1896 1
316 1987 1
316 2039 1
316 2123 1
316 2137 1
316 2199 1
317 951 1
317 1176 1
317 1332 1
317 1796 1
317 1840 1
317 1987 1
317 2039 1
317 2083 1
317 2140 1
318 319 1
318 320 1
318 321 1
320 427 1
322 323 1
322 324 1
322 325 1
322 326 1
322 548 1
322 806 1
322 931 1
322 1285 1
322 1353 1
322 1381 1
322 1489 1
322 1521 1
322 1538 1
322 1770 1
322 1778 1
322 1848 1
322 1886 1
322 1896 1
322 2039 1
322 2117 1
322 2127 1
322 2164 1
323 326 1
324 732 1
324 946 1
324 1136 1
324 1312 1
325 326 1
326 488 1
326 557 1
326 1094 1
326 1095 1
326 1301 1
326 1578 1
326 1579 1
326 1580 1
327 328 1
327 329 1
327 330 1
327 331 1
327 332 1
327 333 1
327 334 1
327 335 1
327 336 1
327 370 1
327 1058 1
329 330 1
329 331 1
329 332 1
329 334 1
329 335 1
329 336 1
329 370 1
329 371 1
329 372 1
329 660 1
329 1058 1
330 334 1
330 370 1
330 1058 1
331 334 1
331 370 1
331 1058 1
332 334 1
332 370 1
332 802 1
332 1058 1
332 2083 1
333 334 1
333 370 1
333 1058 1
334 335 1
334 336 1
334 370 1
334 371 1
334 389 1
334 605 1
334 802 1
334 1058 1
335 370 1
335 802 1
335 1058 1
336 370 1
336 660 1
336 1058 1
337 502 1
338 339 1
338 340 1
338 341 1
338 342 1
338 343 1
338 344 1
339 340 1
339 341 1
339 890 1
339 893 1
339 989 1
339 990 1
339 1944 1
340 341 1
340 555 1
340 632 1
340 838 1
340 890 1
340 893 1
340 980 1
340 988 1
340 989 1
340 1362 1
340 1376 1
340 1433 1
340 1458 1
340 1720 1
340 1824 1
340 2000 1
341 555 1
341 872 1
341 890 1
341 988 1
341 1093 1
341 1482 1
341 1565 1
341 1824 1
341 1944 1
341 2053 1
341 2054 1
343 806 1
343 1461 1
343 1786 1
343 2219 1
344 381 1
344 382 1
344 558 1
344 1338 1
345 346 1
345 347 1
345 348 1
345 411 1
345 518 1
345 1834 1
345 1880 1
345 1881 1
346 1396 1
346 1481 1
346 2215 1
347 677 1
347 1343 1
349 350 1
349 351 1
349 352 1
349 1502 1
353 354 1
353 355 1
353 356 1
353 357 1
353 358 1
353 359 1
353 651 1
353 924 1
353 1126 1
354 596 1
354 651 1
354 924 1
354 1124 1
354 1125 1
354 1126 1
354 1332 1
355 651 1
355 928 1
355 946 1
355 1124 1
355 1126 1
356 924 1
356 1124 1
356 1126 1
357 606 1
357 611 1
357 924 1
357 1092 1
357 1093 1
357 1126 1
357 1202 1
357 1251 1
357 1356 1
357 1465 1
357 1563 1
357 1676 1
358 651 1
358 924 1
358 928 1
358 1124 1
358 1125 1
358 1126 1
359 486 1
359 651 1
359 652 1
359 823 1
359 924 1
359 928 1
359 1124 1
359 1126 1
359 2083 1
360 361 1
360 362 1
360 363 1
360 656 1
360 732 1
360 1475 1
360 1896 1
360 2118 1
361 363 1
361 611 1
361 947 1
361 1120 1
361 1475 1
361 1868 1
361 2026 1
361 2133 1
361 2134 1
362 416 1
362 1444 1
362 1475 1
362 1857 1
363 380 1
363 420 1
363 424 1
363 432 1
363 801 1
363 818 1
363 951 1
364 365 1
364 506 1
364 615 1
364 739 1
364 791 1
364 1458 1
364 1554 1
364 1600 1
364 1646 1
364 1682 1
364 1770 1
364 1896 1
364 2016 1
364 2199 1
365 562 1
366 367 1
366 368 1
366 369 1
366 634 1
366 640 1
366 739 1
366 833 1
367 739 1
368 739 1
369 739 1
370 371 1
370 372 1
370 582 1
370 802 1
370 1058 1
371 582 1
371 1058 1
373 374 1
373 375 1
373 376 1
374 518 1
374 782 1
374 1433 1
374 1537 1
374 1569 1
374 1824 1
374 2214 1
375 2082 1
376 556 1
376 647 1
376 778 1
376 782 1
376 783 1
376 784 1
376 785 1
376 792 1
376 825 1
376 976 1
376 996 1
376 1362 1
376 1396 1
376 2027 1
377 378 1
377 379 1
378 535 1
378 558 1
378 564 1
378 587 1
378 702 1
378 825 1
378 826 1
378 921 1
378 1000 1
378 1001 1
378 1002 1
378 1017 1
378 1018 1
378 1019 1
378 1020 1
378 1021 1
378 1022 1
378 1049 1
378 1050 1
378 1646 1
378 2031 1
379 535 1
379 999 1
379 1000 1
379 1001 1
379 1002 1
379 1003 1
379 1004 1
379 1005 1
379 1050 1
379 1334 1
379 1786 1
381 382 1
381 558 1
383 489 1
383 592 1
384 385 1
384 386 1
384 387 1
384 388 1
385 655 1
386 441 1
386 467 1
386 518 1
386 581 1
386 592 1
386 597 1
386 627 1
386 658 1
386 801 1
386 976 1
386 1030 1
386 1032 1
386 1120 1
386 1202 1
386 1260 1
386 1286 1
387 410 1
387 506 1
387 518 1
387 554 1
387 555 1
387 773 1
387 824 1
387 835 1
387 877 1
387 896 1
387 898 1
387 899 1
387 906 1
387 908 1
387 933 1
387 934 1
387 935 1
387 936 1
387 937 1
387 938 1
387 1292 1
387 1340 1
387 1868 1
387 1932 1
388 1740 1
389 390 1
389 391 1
389 392 1
389 402 1
389 607 1
389 722 1
389 1058 1
390 1028 1
390 1097 1
390 1581 1
391 1097 1
393 394 1
393 395 1
393 396 1
393 523 1
393 739 1
393 806 1
393 2134 1
394 523 1
394 761 1
394 1114 1
396 624 1
397 398 1
397 399 1
397 400 1
397 401 1
397 813 1
397 2051 1
402 403 1
402 404 1
402 405 1
402 406 1
402 407 1
402 408 1
402 409 1
402 410 1
402 411 1
402 412 1
402 413 1
402 414 1
402 415 1
402 416 1
402 417 1
402 418 1
402 419 1
402 592 1
402 607 1
402 739 1
402 931 1
402 940 1
402 1312 1
402 1836 1
402 2195 1
403 408 1
403 523 1
403 1312 1
404 607 1
404 1754 1
405 607 1
406 607 1
407 414 1
407 607 1
407 932 1
407 963 1
408 410 1
408 417 1
408 473 1
408 513 1
408 542 1
408 739 1
408 940 1
408 1312 1
408 1313 1
408 1314 1
408 1512 1
408 1712 1
409 607 1
411 412 1
411 414 1
411 473 1
411 518 1
411 593 1
411 607 1
411 612 1
411 613 1
411 614 1
411 963 1
411 1349 1
411 1789 1
411 1836 1
411 1884 1
411 1947 1
411 2124 1
411 2145 1
412 607 1
412 1113 1
412 1387 1
412 1463 1
412 1552 1
412 2164 1
413 414 1
413 605 1
413 607 1
413 954 1
413 963 1
413 1804 1
414 419 1
414 430 1
414 488 1
414 603 1
414 604 1
414 605 1
414 606 1
414 607 1
414 608 1
414 609 1
414 610 1
414 611 1
414 754 1
414 952 1
414 1113 1
414 1367 1
414 1396 1
414 1512 1
414 1552 1
414 1682 1
414 1688 1
414 1745 1
414 1924 1
414 1925 1
415 432 1
415 518 1
415 538 1
415 597 1
415 627 1
415 658 1
415 802 1
415 836 1
415 888 1
415 1238 1
415 1262 1
416 607 1
416 1371 1
416 1380 1
416 1972 1
417 739 1
417 1312 1
419 607 1
420 421 1
420 422 1
420 423 1
420 424 1
420 425 1
420 426 1
420 1107 1
421 424 1
422 424 1
424 425 1
424 426 1
424 446 1
424 447 1
424 1107 1
425 541 1
425 1107 1
426 473 1
426 1107 1
426 1155 1
426 2031 1
427 428 1
427 429 1
427 430 1
427 444 1
427 445 1
427 471 1
427 472 1
427 473 1
427 603 1
427 615 1
427 656 1
427 830 1
427 831 1
427 832 1
427 833 1
427 834 1
427 1038 1
427 1170 1
427 1392 1
427 1393 1
427 1855 1
427 1890 1
427 1914 1
427 2124 1
428 473 1
428 823 1
428 833 1
428 1032 1
428 1170 1
428 1446 1
428 1947 1
429 656 1
429 739 1
429 1170 1
429 1914 1
430 833 1
430 951 1
431 489 1
431 931 1
431 1779 1
431 1795 1
431 2036 1
432 433 1
432 434 1
432 1896 1
435 436 1
435 437 1
435 438 1
435 607 1
435 856 1
438 856 1
438 858 1
438 868 1
438 1075 1
438 1076 1
438 1077 1
438 1078 1
438 1079 1
438 2178 1
438 2179 1
439 440 1
439 441 1
439 442 1
439 443 1
441 442 1
441 443 1
441 444 1
441 445 1
442 1044 1
443 501 1
444 833 1
444 937 1
444 1170 1
444 1836 1
445 1588 1
445 1884 1
446 677 1
446 693 1
446 998 1
446 1308 1
447 506 1
447 818 1
447 1107 1
447 2031 1
448 904 1
448 1006 1
448 1007 1
448 1014 1
448 1225 1
448 1376 1
448 1494 1
448 1497 1
448 1595 1
448 1641 1
448 1726 1
448 2200 1
449 450 1
449 451 1
449 452 1
449 453 1
449 454 1
449 455 1
453 1284 1
453 2069 1
455 1251 1
456 479 1
457 458 1
457 459 1
457 460 1
457 512 1
457 868 1
458 833 1
461 462 1
461 463 1
461 464 1
461 494 1
461 548 1
461 622 1
461 887 1
461 965 1
461 1040 1
461 1418 1
461 1476 1
461 1510 1
461 1618 1
461 1650 1
461 1708 1
461 1709 1
461 1710 1
461 1711 1
461 1896 1
461 2091 1
463 464 1
463 623 1
463 1209 1
465 466 1
466 480 1
466 1337 1
466 1896 1
467 468 1
467 469 1
467 470 1
468 535 1
468 550 1
468 551 1
468 553 1
468 555 1
468 872 1
468 968 1
468 969 1
468 1044 1
468 1047 1
468 1051 1
468 1691 1
468 1826 1
469 627 1
471 472 1
471 473 1
471 474 1
471 592 1
471 2083 1
472 473 1
472 656 1
472 823 1
472 1170 1
472 1836 1
472 1884 1
473 513 1
473 515 1
473 558 1
473 605 1
473 607 1
473 612 1
473 776 1
473 781 1
473 789 1
473 870 1
473 951 1
473 952 1
473 1029 1
473 1073 1
473 1387 1
473 1431 1
473 1512 1
473 1659 1
473 1688 1
473 1790 1
473 1791 1
473 1832 1
473 1880 1
473 1885 1
473 2094 1
473 2095 1
473 2096 1
473 2097 1
474 486 1
474 730 1
474 732 1
474 759 1
474 761 1
474 1299 1
475 476 1
475 477 1
475 478 1
475 479 1
475 480 1
475 481 1
475 482 1
475 483 1
475 582 1
476 538 1
476 560 1
476 788 1
476 836 1
476 1202 1
476 1283 1
476 1343 1
477 479 1
477 480 1
477 481 1
477 482 1
477 535 1
477 792 1
477 1332 1
477 1691 1
477 1770 1
477 1964 1
477 1986 1
477 2011 1
477 2216 1
478 479 1
478 480 1
478 481 1
478 482 1
478 582 1
478 1182 1
478 1299 1
478 1588 1
479 480 1
479 482 1
479 483 1
479 781 1
479 1588 1
479 1606 1
480 481 1
480 482 1
480 483 1
480 492 1
480 493 1
480 582 1
480 739 1
480 882 1
480 978 1
480 1102 1
480 1120 1
480 1239 1
480 1270 1
480 1358 1
480 1418 1
480 1454 1
480 1455 1
480 1457 1
480 1493 1
480 1529 1
480 1531 1
480 1534 1
480 1588 1
480 1819 1
480 1844 1
480 1935 1
481 482 1
481 483 1
481 519 1
481 582 1
481 919 1
481 975 1
481 1270 1
481 1402 1
481 1453 1
481 1544 1
481 1545 1
481 1546 1
481 1588 1
482 483 1
482 582 1
482 1065 1
482 1144 1
483 582 1
483 1098 1
483 1588 1
484 485 1
484 486 1
484 487 1
484 488 1
484 489 1
484 490 1
484 1624 1
485 486 1
485 490 1
485 642 1
485 766 1
485 823 1
485 924 1
485 928 1
485 1126 1
485 1519 1
485 2120 1
486 489 1
486 490 1
486 635 1
486 639 1
486 643 1
486 651 1
486 722 1
486 737 1
486 740 1
486 744 1
486 746 1
486 750 1
486 753 1
486 756 1
486 923 1
486 924 1
486 925 1
486 928 1
486 1124 1
486 1126 1
487 823 1
487 928 1
488 607 1
488 823 1
488 963 1
489 490 1
489 549 1
489 567 1
489 622 1
489 636 1
489 642 1
489 651 1
489 673 1
489 779 1
489 887 1
489 924 1
489 925 1
489 928 1
489 1040 1
489 1065 1
489 1124 1
489 1125 1
489 1126 1
489 1227 1
489 1356 1
489 1365 1
489 1379 1
489 1380 1
489 1476 1
489 1478 1
489 1481 1
489 1510 1
489 1511 1
489 1573 1
489 1605 1
489 1606 1
489 1643 1
489 1650 1
489 1651 1
489 1652 1
489 1653 1
489 1654 1
489 1655 1
489 1656 1
489 1657 1
489 1658 1
489 1659 1
489 1660 1
490 636 1
490 642 1
490 644 1
490 651 1
490 823 1
490 924 1
490 925 1
490 928 1
490 1125 1
490 1126 1
490 1500 1
491 658 1
491 973 1
491 976 1
491 1093 1
491 1120 1
493 1120 1
494 495 1
494 496 1
494 497 1
494 1280 1
494 1384 1
494 1403 1
494 1404 1
494 1405 1
494 1406 1
494 1407 1
494 2140 1
495 2011 1
496 1407 1
496 1794 1
496 1891 1
496 2105 1
497 1384 1
497 1559 1
500 980 1
500 1391 1
500 1492 1
500 1592 1
500 1821 1
502 503 1
502 504 1
502 505 1
506 507 1
506 508 1
506 519 1
506 562 1
506 576 1
506 781 1
506 952 1
506 1105 1
506 1141 1
506 1174 1
506 1397 1
506 1464 1
506 1465 1
506 1466 1
506 1467 1
506 1468 1
506 1469 1
506 1470 1
506 1471 1
506 1472 1
506 1473 1
506 1474 1
508 1449 1
509 510 1
509 511 1
509 518 1
509 550 1
509 669 1
509 1789 1
510 511 1
510 550 1
510 1421 1
510 1965 1
511 550 1
512 513 1
512 514 1
512 515 1
512 607 1
512 946 1
513 656 1
513 666 1
513 833 1
513 956 1
513 1682 1
513 1789 1
513 1836 1
513 1947 1
513 1969 1
513 2114 1
513 2124 1
514 823 1
514 1161 1
515 607 1
515 620 1
516 778 1
517 778 1
518 519 1
518 520 1
518 521 1
518 522 1
518 523 1
518 524 1
518 525 1
518 526 1
518 527 1
518 528 1
518 529 1
518 530 1
518 531 1
518 532 1
518 533 1
518 534 1
518 535 1
518 536 1
518 537 1
518 739 1
518 788 1
518 921 1
518 937 1
518 1050 1
518 1588 1
518 1831 1
518 1844 1
518 1876 1
518 1896 1
518 1904 1
518 1960 1
518 2124 1
518 2158 1
519 802 1
519 1490 1
519 2010 1
519 2135 1
520 722 1
523 550 1
523 558 1
523 921 1
523 955 1
523 1147 1
523 1512 1
523 1807 1
523 1808 1
524 582 1
524 620 1
524 917 1
524 1285 1
525 1600 1
527 985 1
527 991 1
534 890 1
534 1030 1
535 539 1
535 564 1
535 567 1
535 593 1
535 661 1
535 826 1
535 838 1
535 966 1
535 971 1
535 975 1
535 980 1
535 985 1
535 999 1
535 1000 1
535 1001 1
535 1002 1
535 1003 1
535 1005 1
535 1017 1
535 1018 1
535 1019 1
535 1021 1
535 1023 1
535 1050 1
535 1365 1
535 1378 1
535 1400 1
535 1401 1
535 1417 1
535 1418 1
535 1419 1
535 1420 1
535 1421 1
535 1422 1
535 1423 1
535 1424 1
535 1425 1
535 1426 1
535 1427 1
535 1428 1
535 1429 1
535 1430 1
535 1431 1
535 1432 1
535 1433 1
535 1434 1
535 2014 1
537 1282 1
537 1506 1
538 539 1
538 540 1
538 2193 1
539 634 1
539 639 1
539 640 1
539 642 1
539 658 1
539 1338 1
540 833 1
540 973 1
540 1339 1
541 1951 1
541 1992 1
542 543 1
542 544 1
542 545 1
542 546 1
542 592 1
545 739 1
545 1176 1
545 1300 1
545 1430 1
545 1896 1
545 2134 1
545 2199 1
547 548 1
548 803 1
548 1884 1
549 2056 1
550 551 1
550 552 1
550 553 1
550 554 1
550 555 1
550 556 1
550 1826 1
551 552 1
551 553 1
551 554 1
551 555 1
551 556 1
551 593 1
551 624 1
551 872 1
551 899 1
551 902 1
551 968 1
551 969 1
551 1041 1
551 1043 1
551 1044 1
551 1051 1
551 1338 1
551 2016 1
551 2083 1
552 553 1
552 555 1
552 593 1
552 895 1
552 899 1
552 900 1
552 968 1
552 969 1
552 973 1
552 1044 1
552 1047 1
552 1048 1
552 1051 1
552 1262 1
552 1490 1
552 1786 1
552 1826 1
552 1992 1
552 2083 1
552 2098 1
553 554 1
553 555 1
553 556 1
553 593 1
553 639 1
553 647 1
553 872 1
553 968 1
553 969 1
553 1041 1
553 1043 1
553 1044 1
553 1045 1
553 1047 1
553 1051 1
553 1600 1
553 1691 1
553 1826 1
553 1840 1
553 1857 1
553 2069 1
554 555 1
554 707 1
554 1044 1
554 1051 1
554 1260 1
554 1262 1
554 1826 1
554 2118 1
555 556 1
555 872 1
555 942 1
555 968 1
555 969 1
555 973 1
555 976 1
555 978 1
555 1041 1
555 1042 1
555 1043 1
555 1044 1
555 1047 1
555 1051 1
555 1262 1
555 1337 1
555 1379 1
555 1385 1
555 1497 1
555 1500 1
555 1522 1
555 1641 1
555 1675 1
555 1691 1
555 1826 1
555 1840 1
555 1857 1
555 1917 1
555 1944 1
555 2011 1
555 2118 1
556 872 1
556 968 1
556 969 1
556 1044 1
556 1047 1
556 1051 1
556 1505 1
556 1826 1
558 559 1
558 560 1
558 561 1
558 562 1
558 563 1
558 564 1
558 565 1
558 788 1
558 937 1
558 1349 1
558 1381 1
558 1538 1
558 1886 1
558 1966 1
558 1969 1
558 2039 1
558 2075 1
558 2134 1
559 985 1
560 707 1
560 825 1
560 985 1
560 991 1
560 1883 1
561 825 1
561 991 1
561 1504 1
562 565 1
562 773 1
562 809 1
562 810 1
562 811 1
562 812 1
562 813 1
562 921 1
562 994 1
562 1332 1
562 1445 1
562 1553 1
562 1600 1
562 1806 1
562 2157 1
563 564 1
563 985 1
563 1362 1
563 2132 1
564 826 1
564 921 1
564 1017 1
564 1969 1
565 707 1
565 921 1
565 1475 1
566 806 1
566 1890 1
567 806 1
567 931 1
567 1250 1
567 1318 1
567 1836 1
567 2183 1
568 569 1
568 570 1
568 571 1
568 572 1
568 573 1
568 574 1
568 575 1
574 1581 1
576 577 1
576 578 1
576 579 1
576 580 1
576 739 1
576 806 1
576 1691 1
576 1840 1
576 1927 1
576 2172 1
581 665 1
582 583 1
582 584 1
585 825 1
587 778 1
587 782 1
587 818 1
587 825 1
587 991 1
590 818 1
590 825 1
590 991 1
590 1210 1
591 825 1
592 593 1
592 594 1
592 627 1
592 943 1
592 955 1
592 1013 1
592 1043 1
592 1088 1
592 1102 1
592 1270 1
592 1314 1
592 1355 1
592 1401 1
592 1454 1
592 1455 1
592 1478 1
592 1493 1
592 1507 1
592 1524 1
592 1525 1
592 1526 1
592 1527 1
592 1528 1
592 1529 1
592 1530 1
592 1531 1
592 1532 1
592 1533 1
592 1534 1
592 1535 1
592 1536 1
592 1537 1
593 627 1
593 872 1
593 896 1
593 940 1
593 968 1
593 969 1
593 973 1
593 1030 1
593 1044 1
593 1047 1
593 1051 1
593 1120 1
593 1430 1
593 1786 1
596 597 1
596 598 1
596 599 1
596 918 1
596 957 1
596 960 1
596 1044 1
596 1691 1
596 1770 1
596 1914 1
596 1968 1
597 598 1
597 599 1
597 1430 1
598 1322 1
598 1430 1
598 2195 1
601 602 1
602 1269 1
602 1270 1
603 607 1
603 1836 1
604 607 1
604 611 1
604 963 1
605 607 1
605 823 1
605 833 1
605 957 1
605 963 1
605 1058 1
605 1836 1
605 1884 1
606 607 1
606 951 1
606 957 1
606 963 1
606 1421 1
606 1893 1
606 1894 1
607 609 1
607 610 1
607 611 1
607 612 1
607 619 1
607 620 1
607 621 1
607 800 1
607 817 1
607 895 1
607 898 1
607 908 1
607 954 1
607 955 1
607 956 1
607 957 1
607 958 1
607 959 1
607 960 1
607 961 1
607 962 1
607 963 1
607 1648 1
610 937 1
610 963 1
610 1284 1
611 632 1
611 798 1
611 828 1
611 921 1
611 963 1
611 1106 1
611 1385 1
611 1393 1
611 1478 1
611 1673 1
611 1674 1
612 1251 1
614 683 1
614 1227 1
614 1262 1
614 1302 1
614 1306 1
615 616 1
615 1332 1
615 1770 1
615 1836 1
615 1904 1
615 1983 1
615 1985 1
616 1686 1
617 963 1
619 2173 1
620 1604 1
621 963 1
622 623 1
622 634 1
622 1430 1
624 625 1
624 626 1
624 801 1
624 878 1
624 1114 1
624 1115 1
624 1265 1
624 1279 1
624 1358 1
624 1392 1
624 1430 1
624 1466 1
624 1531 1
624 1595 1
624 1641 1
624 2161 1
624 2162 1
624 2163 1
626 1114 1
626 1251 1
626 1640 1
626 2221 1
626 2222 1
626 2223 1
626 2224 1
627 628 1
627 629 1
627 630 1
627 631 1
627 632 1
628 1202 1
628 1691 1
628 1786 1
628 1857 1
628 2017 1
631 658 1
631 788 1
631 1202 1
632 658 1
632 1202 1
632 1691 1
634 635 1
634 636 1
634 637 1
634 638 1
634 639 1
634 640 1
634 641 1
634 642 1
635 642 1
635 928 1
636 639 1
636 640 1
637 639 1
637 640 1
637 642 1
637 1126 1
637 1227 1
637 1251 1
639 640 1
639 642 1
639 645 1
639 928 1
639 2083 1
640 642 1
640 1357 1
640 1630 1
641 946 1
642 643 1
642 644 1
642 645 1
643 651 1
643 1126 1
644 924 1
646 647 1
646 1338 1
646 2192 1
647 683 1
647 1143 1
648 649 1
649 1952 1
649 2056 1
650 651 1
650 652 1
650 797 1
650 1124 1
651 653 1
651 654 1
651 926 1
651 1127 1
651 1129 1
652 653 1
652 654 1
652 797 1
652 1124 1
652 1126 1
653 797 1
654 797 1
654 963 1
654 1126 1
656 657 1
656 658 1
656 659 1
656 833 1
656 1170 1
658 880 1
658 1088 1
658 1089 1
658 1090 1
658 1120 1
658 1130 1
658 2105 1
658 2181 1
659 1058 1
659 2055 1
660 661 1
660 662 1
660 2016 1
660 2071 1
661 2183 1
662 2016 1
662 2071 1
663 664 1
663 1588 1
665 666 1
665 667 1
665 668 1
666 667 1
666 1458 1
667 951 1
669 670 1
669 1227 1
669 1836 1
670 1032 1
670 1180 1
670 2216 1
671 672 1
672 1836 1
674 675 1
674 676 1
677 678 1
677 679 1
677 680 1
677 681 1
677 682 1
677 683 1
677 684 1
677 685 1
677 686 1
677 687 1
677 688 1
677 689 1
677 690 1
677 691 1
677 692 1
677 693 1
677 694 1
677 695 1
677 696 1
677 697 1
677 698 1
678 683 1
678 693 1
678 908 1
678 998 1
678 1120 1
678 2169 1
679 693 1
679 998 1
680 683 1
680 693 1
680 998 1
680 1159 1
680 2173 1
681 693 1
681 998 1
681 2101 1
682 683 1
682 693 1
682 998 1
683 685 1
683 686 1
683 687 1
683 688 1
683 689 1
683 690 1
683 692 1
683 693 1
683 694 1
683 695 1
683 696 1
683 697 1
683 699 1
683 700 1
683 701 1
683 702 1
683 703 1
683 704 1
683 998 1
684 693 1
684 998 1
685 693 1
685 998 1
686 693 1
686 998 1
686 1097 1
686 1194 1
686 1800 1
686 1801 1
687 693 1
687 998 1
688 693 1
688 998 1
688 1385 1
689 693 1
689 761 1
689 986 1
689 998 1
689 1159 1
690 693 1
690 998 1
691 693 1
691 998 1
692 693 1
692 998 1
692 1159 1
693 694 1
693 695 1
693 696 1
693 697 1
693 700 1
693 701 1
693 704 1
693 1014 1
693 1155 1
693 1159 1
693 1160 1
694 998 1
695 998 1
696 998 1
696 1125 1
697 998 1
700 704 1
700 766 1
700 986 1
700 1155 1
700 1196 1
701 998 1
702 1343 1
704 707 1
704 766 1
704 986 1
704 997 1
704 1151 1
704 1154 1
704 1155 1
704 1157 1
704 1193 1
704 1194 1
704 1195 1
704 1196 1
704 1198 1
704 1199 1
704 1241 1
705 706 1
705 976 1
705 1374 1
705 1911 1
707 766 1
707 887 1
707 986 1
708 709 1
708 710 1
708 711 1
708 712 1
708 713 1
708 714 1
708 715 1
708 716 1
708 717 1
708 718 1
708 719 1
708 720 1
708 721 1
708 722 1
708 723 1
708 724 1
708 725 1
708 726 1
708 727 1
708 728 1
708 729 1
709 720 1
709 722 1
711 720 1
711 722 1
713 720 1
713 722 1
713 1293 1
714 720 1
714 722 1
715 722 1
716 722 1
717 720 1
717 722 1
718 720 1
718 722 1
719 720 1
719 722 1
720 721 1
720 722 1
720 726 1
720 727 1
720 728 1
720 729 1
720 775 1
721 722 1
722 723 1
722 725 1
722 726 1
722 727 1
722 728 1
722 769 1
722 770 1
722 771 1
722 772 1
722 773 1
722 774 1
722 775 1
722 776 1
722 777 1
723 1351 1
730 731 1
730 732 1
730 733 1
730 734 1
730 735 1
730 736 1
730 737 1
730 738 1
730 739 1
730 740 1
730 741 1
730 742 1
730 743 1
730 744 1
730 745 1
730 746 1
730 747 1
730 748 1
730 749 1
730 750 1
730 816 1
732 737 1
732 740 1
732 741 1
732 744 1
732 746 1
732 747 1
732 751 1
732 752 1
732 753 1
732 754 1
732 755 1
732 756 1
732 757 1
732 758 1
733 761 1
734 759 1
734 761 1
735 761 1
736 761 1
737 759 1
737 761 1
737 839 1
738 759 1
738 761 1
738 839 1
739 933 1
739 940 1
739 944 1
739 966 1
739 1050 1
739 1068 1
739 1080 1
739 1105 1
739 1107 1
739 1109 1
739 1302 1
739 1309 1
739 1312 1
739 1339 1
739 1356 1
739 1357 1
739 1358 1
739 1359 1
739 1360 1
739 1361 1
739 1362 1
739 1363 1
739 1364 1
739 1365 1
739 1366 1
739 1367 1
739 1368 1
739 1369 1
739 1370 1
739 1371 1
739 1372 1
739 1373 1
739 1374 1
739 1375 1
739 1376 1
739 1377 1
739 1378 1
739 1379 1
739 1380 1
740 761 1
741 759 1
741 761 1
743 998 1
744 759 1
744 761 1
745 761 1
745 839 1
746 759 1
746 839 1
746 1262 1
747 1182 1
748 1884 1
749 761 1
750 761 1
751 761 1
753 759 1
753 761 1
753 839 1
754 761 1
755 1136 1
755 1144 1
755 1312 1
756 761 1
756 839 1
757 1074 1
758 761 1
759 760 1
760 761 1
761 762 1
761 763 1
761 764 1
761 765 1
761 766 1
761 767 1
761 768 1
766 779 1
766 986 1
766 1113 1
766 1150 1
766 1153 1
766 1188 1
766 1189 1
766 1193 1
766 1194 1
766 1196 1
766 1241 1
766 1286 1
766 1457 1
766 1463 1
766 1552 1
766 1908 1
773 796 1
773 1176 1
773 1659 1
773 1793 1
773 1832 1
773 2058 1
773 2059 1
778 779 1
778 780 1
778 781 1
778 782 1
778 1969 1
779 1846 1
779 1896 1
780 918 1
781 887 1
781 918 1
781 960 1
781 1118 1
781 1216 1
781 1227 1
781 1262 1
781 1285 1
781 1332 1
781 1554 1
781 1691 1
781 1770 1
781 1840 1
781 1896 1
781 2116 1
781 2140 1
781 2154 1
782 783 1
782 784 1
782 785 1
782 786 1
782 787 1
782 788 1
782 789 1
782 790 1
782 791 1
782 792 1
782 793 1
782 794 1
783 1588 1
783 1969 1
784 980 1
784 1030 1
784 1362 1
784 1365 1
784 1500 1
785 976 1
785 2011 1
785 2139 1
786 788 1
786 996 1
788 810 1
788 855 1
788 876 1
788 964 1
788 965 1
788 966 1
788 967 1
788 1421 1
788 1427 1
788 1565 1
788 1934 1
788 2019 1
789 792 1
789 1588 1
789 1947 1
789 2124 1
789 2182 1
790 1512 1
790 1543 1
791 996 1
791 1358 1
791 1466 1
791 1471 1
791 1478 1
791 1726 1
791 1760 1
791 1823 1
791 1877 1
792 1486 1
792 1512 1
793 1295 1
794 1113 1
794 1552 1
796 1251 1
797 1126 1
798 799 1
801 804 1
801 806 1
801 807 1
801 808 1
801 994 1
802 804 1
802 805 1
802 806 1
802 994 1
802 1251 1
802 1786 1
802 2069 1
804 806 1
804 807 1
805 806 1
806 807 1
806 844 1
806 997 1
806 1341 1
806 1379 1
806 1394 1
806 1475 1
806 1476 1
806 1477 1
806 1478 1
806 1479 1
806 1480 1
806 1481 1
806 1482 1
806 1515 1
806 1637 1
807 808 1
807 1030 1
807 1967 1
809 1283 1
812 944 1
812 994 1
812 1283 1
814 815 1
815 1030 1
815 1744 1
816 817 1
817 833 1
818 819 1
818 820 1
818 821 1
818 822 1
818 1097 1
821 2075 1
823 824 1
823 2124 1
824 1299 1
825 826 1
825 827 1
826 1000 1
826 1001 1
826 1017 1
826 1018 1
826 1019 1
826 1020 1
826 1021 1
826 1022 1
828 829 1
828 1106 1
828 1564 1
833 835 1
833 1170 1
833 1221 1
833 1320 1
834 951 1
834 1874 1
835 1170 1
835 1645 1
836 837 1
836 838 1
838 1490 1
838 1521 1
838 1691 1
838 1702 1
838 1840 1
838 1944 1
838 1964 1
838 2011 1
838 2014 1
838 2164 1
839 840 1
839 841 1
839 842 1
839 843 1
839 845 1
842 843 1
842 845 1
847 848 1
847 849 1
847 850 1
847 851 1
847 852 1
848 852 1
849 852 1
850 852 1
851 852 1
853 854 1
853 855 1
853 1066 1
854 1891 1
855 909 1
855 947 1
855 1060 1
855 1100 1
856 857 1
856 858 1
856 859 1
856 860 1
856 861 1
858 1075 1
858 1076 1
858 1079 1
858 1760 1
858 1836 1
858 2081 1
859 860 1
859 1281 1
859 2008 1
861 931 1
861 932 1
861 1180 1
861 2014 1
861 2134 1
862 863 1
862 864 1
862 865 1
866 868 1
867 1061 1
867 1063 1
869 870 1
870 1283 1
870 1844 1
872 969 1
872 1044 1
872 1047 1
872 1051 1
872 1262 1
872 1691 1
872 1826 1
873 1322 1
874 1107 1
874 1786 1
875 1293 1
875 1303 1
876 1322 1
876 1338 1
877 1322 1
877 1541 1
878 879 1
879 1600 1
880 881 1
880 882 1
880 883 1
880 884 1
880 885 1
880 886 1
880 1197 1
882 883 1
882 884 1
882 886 1
883 885 1
884 885 1
885 886 1
885 1274 1
885 1951 1
886 2020 1
888 1600 1
888 1912 1
890 891 1
890 892 1
890 893 1
890 894 1
891 1958 1
895 896 1
895 902 1
895 908 1
895 969 1
896 898 1
896 899 1
896 900 1
896 902 1
896 903 1
896 908 1
896 914 1
896 915 1
896 969 1
897 902 1
897 969 1
897 1044 1
898 902 1
898 908 1
898 969 1
899 902 1
899 908 1
899 969 1
899 1044 1
899 1047 1
900 908 1
900 969 1
901 902 1
901 908 1
901 969 1
901 1044 1
902 903 1
902 904 1
902 906 1
902 908 1
902 969 1
902 1044 1
902 1046 1
902 1338 1
902 1494 1
902 1920 1
902 1921 1
903 908 1
903 969 1
903 1338 1
906 908 1
906 1430 1
908 914 1
908 969 1
908 1044 1
908 1046 1
908 1064 1
909 910 1
909 911 1
909 1113 1
909 1331 1
909 1463 1
909 1494 1
909 1552 1
909 1919 1
910 911 1
910 1301 1
911 1348 1
911 1958 1
912 913 1
914 1101 1
916 1354 1
916 1369 1
918 1227 1
918 1284 1
918 1365 1
918 1422 1
918 1455 1
918 1506 1
918 1726 1
918 1765 1
920 921 1
920 922 1
920 1827 1
920 2087 1
921 1431 1
921 1512 1
921 1844 1
921 1914 1
921 1961 1
921 2158 1
924 925 1
924 1129 1
924 1146 1
925 928 1
925 1126 1
926 928 1
926 1126 1
926 1332 1
928 929 1
930 1403 1
931 1042 1
931 1227 1
931 1355 1
931 1410 1
931 1511 1
931 1560 1
931 1606 1
931 1607 1
931 1643 1
931 1650 1
931 1651 1
931 1652 1
931 1655 1
931 1656 1
931 1727 1
932 1029 1
932 1031 1
932 1180 1
932 1217 1
932 1218 1
933 1309 1
937 1512 1
940 941 1
940 942 1
940 943 1
940 1495 1
940 1699 1
940 1700 1
940 2011 1
940 2086 1
942 978 1
942 1270 1
942 1356 1
942 1483 1
942 1521 1
942 1676 1
942 1995 1
942 1996 1
942 1997 1
943 944 1
943 2128 1
944 945 1
944 2128 1
946 947 1
946 948 1
946 949 1
947 1092 1
947 1649 1
947 1682 1
948 1136 1
951 952 1
951 953 1
951 1113 1
951 1463 1
951 1537 1
951 1552 1
951 1789 1
951 1884 1
951 2124 1
952 2105 1
956 961 1
956 1512 1
956 1568 1
956 1593 1
956 1659 1
956 1791 1
956 2079 1
956 2080 1
957 1066 1
957 1230 1
957 1356 1
957 1376 1
957 1421 1
958 963 1
960 977 1
960 1317 1
960 1371 1
960 1478 1
960 1563 1
960 1641 1
960 1726 1
960 1939 1
960 1942 1
963 1313 1
963 1330 1
963 1331 1
963 1387 1
963 1614 1
963 1615 1
963 1616 1
966 1269 1
966 1270 1
966 1521 1
966 1848 1
966 1896 1
966 2172 1
968 969 1
968 970 1
968 971 1
968 972 1
968 1661 1
968 1783 1
969 973 1
969 1041 1
969 1042 1
969 1043 1
969 1044 1
969 1047 1
969 1051 1
969 1066 1
969 1262 1
969 1600 1
969 1691 1
969 1826 1
972 2019 1
973 974 1
973 975 1
973 1362 1
973 1365 1
973 1397 1
973 1466 1
973 1471 1
973 1563 1
973 1595 1
973 1641 1
973 1693 1
973 1761 1
973 1823 1
973 2021 1
973 2140 1
974 1202 1
975 1225 1
975 1430 1
975 1491 1
975 1691 1
975 2060 1
975 2098 1
975 2216 1
976 977 1
976 978 1
976 979 1
976 980 1
976 1279 1
977 988 1
977 1262 1
977 1338 1
977 1691 1
978 1383 1
978 1600 1
978 1786 1
978 1840 1
978 1966 1
978 2016 1
978 2115 1
978 2124 1
979 1219 1
980 1060 1
980 1600 1
980 1691 1
980 1770 1
980 1896 1
981 1036 1
982 983 1
982 984 1
983 1343 1
985 986 1
985 991 1
986 1150 1
986 1188 1
986 1189 1
986 1190 1
986 1191 1
986 1192 1
986 1193 1
986 1194 1
986 1241 1
986 1286 1
988 989 1
988 1397 1
988 1426 1
988 1478 1
988 1546 1
988 1658 1
988 1726 1
988 1944 1
988 2014 1
988 2060 1
992 993 1
992 1774 1
993 1215 1
993 1489 1
993 1588 1
994 1109 1
994 1227 1
994 1237 1
994 1378 1
994 1437 1
994 1618 1
994 1689 1
994 1713 1
994 1908 1
994 2018 1
994 2146 1
994 2147 1
994 2148 1
994 2149 1
994 2150 1
994 2151 1
994 2152 1
995 1581 1
996 997 1
999 1000 1
999 1001 1
999 1002 1
999 1003 1
999 1004 1
999 1050 1
1000 1006 1
1000 1009 1
1000 1017 1
1001 1006 1
1001 1008 1
1001 1009 1
1001 1017 1
1001 1439 1
1002 1008 1
1002 1017 1
1002 1439 1
1003 1017 1
1003 1327 1
1003 1723 1
1006 1007 1
1006 1008 1
1006 1009 1
1006 1010 1
1006 1011 1
1006 1012 1
1006 1013 1
1006 1439 1
1006 2011 1
1006 2091 1
1007 1008 1
1007 1009 1
1008 1009 1
1008 1010 1
1008 1013 1
1008 1014 1
1008 1016 1
1008 2091 1
1009 1010 1
1009 1011 1
1009 1013 1
1009 1014 1
1009 1015 1
1010 1327 1
1011 2091 1
1014 1196 1
1014 1439 1
1014 2091 1
1016 1107 1
1016 1241 1
1016 2124 1
1017 1018 1
1017 1019 1
1023 1848 1
1026 1097 1
1028 1097 1
1029 1682 1
1030 1182 1
1030 1185 1
1030 1186 1
1030 1187 1
1030 1682 1
1032 1033 1
1032 1034 1
1032 1035 1
1034 2194 1
1035 2194 1
1036 1037 1
1036 1038 1
1036 1039 1
1036 1040 1
1039 1299 1
1041 1044 1
1041 1051 1
1041 1482 1
1041 1691 1
1041 1774 1
1041 1826 1
1042 1826 1
1043 1044 1
1043 1047 1
1043 1051 1
1043 1505 1
1043 1826 1
1043 1846 1
1044 1045 1
1044 1046 1
1044 1047 1
1044 1051 1
1044 1053 1
1044 1514 1
1044 1641 1
1044 1691 1
1044 1826 1
1044 1857 1
1044 2060 1
1044 2118 1
1045 1826 1
1046 1987 1
1050 2132 1
1050 2173 1
1051 1052 1
1051 1691 1
1051 1826 1
1051 1857 1
1052 1321 1
1053 1054 1
1053 1055 1
1053 1056 1
1053 1057 1
1058 1059 1
1059 2055 1
1061 1062 1
1061 1063 1
1064 1101 1
1065 1896 1
1065 1966 1
1066 1067 1
1066 1068 1
1066 1069 1
1066 1070 1
1066 1071 1
1066 1072 1
1068 1284 1
1068 1389 1
1068 1553 1
1068 1684 1
1068 1690 1
1068 1789 1
1068 1840 1
1068 1896 1
1068 2011 1
1068 2180 1
1069 2128 1
1073 1103 1
1073 1131 1
1073 1396 1
1073 1460 1
1073 1592 1
1073 1593 1
1073 1594 1
1073 1595 1
1073 1596 1
1073 1597 1
1073 1598 1
1074 1283 1
1075 1076 1
1075 1537 1
1075 1812 1
1075 1926 1
1076 1077 1
1076 1079 1
1076 1769 1
1080 1612 1
1080 1857 1
1080 2124 1
1081 1114 1
1081 1299 1
1082 1083 1
1082 1084 1
1082 1085 1
1082 1086 1
1082 1087 1
1083 1084 1
1083 1086 1
1088 2008 1
1090 1779 1
1095 1519 1
1097 1315 1
1097 1316 1
1098 1354 1
1098 1369 1
1098 1717 1
1098 1718 1
1098 1719 1
1100 1101 1
1100 1102 1
1100 1103 1
1101 1613 1
1101 2199 1
1103 1588 1
1104 1338 1
1104 1744 1
1104 1784 1
1104 1840 1
1105 1118 1
1106 1810 1
1106 2024 1
1107 1192 1
1107 1385 1
1107 1748 1
1107 1810 1
1107 1811 1
1107 1812 1
1108 1131 1
1109 1309 1
1113 1215 1
1113 1548 1
1113 1584 1
1113 1600 1
1113 1680 1
1113 1735 1
1113 1797 1
1113 1964 1
1113 1973 1
1113 2069 1
1113 2157 1
1113 2171 1
1113 2218 1
1114 1115 1
1114 1116 1
1114 1117 1
1114 1118 1
1114 1119 1
1114 1279 1
1116 1369 1
1118 1385 1
1118 1824 1
1118 1859 1
1120 1338 1
1120 2008 1
1121 1122 1
1121 1123 1
1122 1275 1
1123 1262 1
1123 1275 1
1124 1126 1
1126 1127 1
1126 1128 1
1130 1131 1
1130 1132 1
1130 1133 1
1130 1134 1
1130 1135 1
1130 1424 1
1130 1491 1
1130 1520 1
1130 1705 1
1130 1953 1
1130 1976 1
1130 1992 1
1131 1132 1
1131 1133 1
1131 1134 1
1131 1135 1
1131 1356 1
1131 1394 1
1131 1677 1
1131 1992 1
1131 1994 1
1133 1135 1
1133 1463 1
1133 1613 1
1134 1338 1
1135 1445 1
1136 1137 1
1136 1138 1
1136 1139 1
1136 1140 1
1136 1312 1
1141 1142 1
1144 1145 1
1148 1149 1
1150 1194 1
1150 1196 1
1152 1155 1
1152 2199 1
1155 1156 1
1155 1157 1
1155 1196 1
1155 1393 1
1156 2031 1
1158 1196 1
1159 1554 1
1161 1162 1
1161 1163 1
1161 1164 1
1161 1165 1
1161 1166 1
1161 1338 1
1161 1548 1
1168 1169 1
1170 1171 1
1170 1682 1
1170 1836 1
1171 1446 1
1171 1789 1
1172 1284 1
1175 1284 1
1175 1600 1
1176 1433 1
1176 1577 1
1176 2144 1
1177 1554 1
1177 1702 1
1177 1880 1
1180 1181 1
1182 1183 1
1182 1184 1
1185 1475 1
1188 1194 1
1189 1194 1
1189 1241 1
1192 1194 1
1193 1194 1
1193 1196 1
1194 1195 1
1194 1196 1
1196 1197 1
1197 1237 1
1197 1540 1
1197 1541 1
1197 1842 1
1197 2073 1
1198 2124 1
1200 1201 1
1202 1203 1
1204 1205 1
1204 1206 1
1206 1770 1
1208 2069 1
1209 1323 1
1210 1211 1
1210 1212 1
1210 1213 1
1210 1214 1
1213 1952 1
1215 2173 1
1216 1641 1
1219 1220 1
1224 1225 1
1224 1226 1
1224 1461 1
1224 1554 1
1225 1226 1
1225 1461 1
1225 1554 1
1225 1559 1
1225 1799 1
1226 1280 1
1226 1356 1
1226 1461 1
1226 1494 1
1226 1497 1
1226 1554 1
1226 1559 1
1226 1974 1
1226 1975 1
1226 2180 1
1227 1228 1
1227 1229 1
1227 1230 1
1227 1231 1
1227 1232 1
1227 1233 1
1227 1234 1
1227 1235 1
1227 1236 1
1227 1237 1
1227 1338 1
1227 1384 1
1227 1786 1
1227 1808 1
1227 2118 1
1227 2128 1
1227 2173 1
1237 1661 1
1238 1239 1
1239 1754 1
1241 1242 1
1243 1244 1
1243 1245 1
1246 1691 1
1247 1248 1
1248 1675 1
1251 1252 1
1251 1253 1
1251 1254 1
1251 1255 1
1251 1256 1
1251 1257 1
1251 1258 1
1251 1259 1
1251 1260 1
1251 1261 1
1251 1483 1
1251 1522 1
1251 1744 1
1251 2056 1
1251 2157 1
1255 1600 1
1259 1774 1
1259 1840 1
1259 1958 1
1260 1350 1
1262 1263 1
1262 1430 1
1262 1458 1
1262 1857 1
1262 2087 1
1264 1265 1
1264 1266 1
1264 1267 1
1264 1268 1
1265 1269 1
1265 1744 1
1265 2040 1
1266 1270 1
1266 1770 1
1266 1896 1
1267 1269 1
1269 1270 1
1269 1271 1
1270 1338 1
1270 1490 1
1270 2011 1
1272 1273 1
1275 1276 1
1275 1277 1
1275 1278 1
1279 1280 1
1282 1835 1
1283 1284 1
1283 1285 1
1284 1285 1
1284 1380 1
1284 1494 1
1284 1504 1
1284 1516 1
1284 1517 1
1284 1518 1
1284 1519 1
1284 1520 1
1284 1521 1
1284 1522 1
1284 1523 1
1284 2019 1
1285 1469 1
1285 1530 1
1285 1762 1
1285 1782 1
1287 1501 1
1288 1289 1
1288 1290 1
1288 1291 1
1291 2087 1
1293 1294 1
1293 1295 1
1293 1296 1
1293 1297 1
1293 1298 1
1293 1520 1
1294 1295 1
1295 1296 1
1295 1297 1
1295 1641 1
1295 1702 1
1295 1722 1
1295 1834 1
1295 1835 1
1296 1297 1
1300 1358 1
1300 1393 1
1300 1516 1
1300 1595 1
1301 2076 1
1303 1751 1
1304 1554 1
1307 1715 1
1312 1313 1
1312 1314 1
1312 1349 1
1318 1385 1
1318 1449 1
1318 1608 1
1318 1609 1
1318 1610 1
1318 1611 1
1320 1896 1
1323 1324 1
1331 1857 1
1331 2017 1
1332 1341 1
1332 1463 1
1332 1476 1
1332 1521 1
1332 1643 1
1332 1644 1
1334 1786 1
1335 1836 1
1337 1338 1
1337 1357 1
1337 1360 1
1337 1379 1
1337 1396 1
1338 1339 1
1338 1354 1
1338 1356 1
1338 1371 1
1338 1385 1
1338 1394 1
1338 1397 1
1338 1401 1
1338 1427 1
1338 1444 1
1338 1457 1
1338 1470 1
1338 1492 1
1338 1494 1
1338 1500 1
1338 1552 1
1338 1565 1
1338 1732 1
1338 1757 1
1338 1758 1
1338 1759 1
1338 1760 1
1338 1761 1
1338 1762 1
1338 1763 1
1338 1764 1
1338 1765 1
1338 1766 1
1338 1767 1
1338 1768 1
1338 1769 1
1338 1770 1
1338 1771 1
1338 1772 1
1338 1773 1
1338 1774 1
1338 1775 1
1338 1776 1
1341 1770 1
1341 1896 1
1343 1344 1
1343 1345 1
1343 1346 1
1343 1347 1
1347 1945 1
1352 1661 1
1353 1354 1
1353 1355 1
1354 1645 1
1354 1744 1
1354 1789 1
1354 1822 1
1354 2011 1
1354 2014 1
1354 2140 1
1354 2172 1
1354 2173 1
1355 1521 1
1355 1927 1
1355 2140 1
1356 1723 1
1356 1805 1
1356 1822 1
1356 2118 1
1356 2155 1
1357 1930 1
1357 2119 1
1358 1369 1
1358 1581 1
1358 1684 1
1358 1904 1
1358 2023 1
1358 2135 1
1360 2105 1
1362 1403 1
1362 1599 1
1362 1600 1
1362 1843 1
1362 1896 1
1362 1914 1
1362 2140 1
1363 2199 1
1364 1483 1
1365 1421 1
1365 1489 1
1365 1509 1
1365 1510 1
1365 1797 1
1365 1805 1
1365 1910 1
1365 1927 1
1365 2029 1
1365 2133 1
1365 2140 1
1365 2172 1
1367 1509 1
1367 1896 1
1367 2105 1
1367 2164 1
1369 1489 1
1369 1490 1
1369 1830 1
1369 1932 1
1371 1489 1
1371 1553 1
1371 1554 1
1371 1840 1
1371 1896 1
1371 1910 1
1371 1947 1
1371 2011 1
1372 1588 1
1373 1723 1
1373 1840 1
1374 1409 1
1374 1435 1
1374 1509 1
1374 1576 1
1374 1927 1
1374 2164 1
1374 2172 1
1375 1836 1
1375 2124 1
1376 1952 1
1376 2092 1
1376 2172 1
1378 1846 1
1378 2011 1
1379 1441 1
1379 1554 1
1379 1786 1
1379 1904 1
1380 1389 1
1380 1489 1
1380 1553 1
1380 1684 1
1380 1690 1
1380 1789 1
1380 1896 1
1380 2180 1
1381 1382 1
1381 1786 1
1382 1805 1
1382 2121 1
1383 1384 1
1383 1385 1
1383 1386 1
1383 1387 1
1384 1405 1
1384 1554 1
1384 1559 1
1384 1794 1
1385 1538 1
1385 1540 1
1385 1554 1
1385 1556 1
1385 1559 1
1385 1576 1
1385 1754 1
1385 1857 1
1385 2134 1
1385 2201 1
1386 2128 1
1387 1446 1
1387 1876 1
1389 1390 1
1389 1391 1
1389 1392 1
1389 1393 1
1391 1867 1
1392 1430 1
1392 1439 1
1392 1490 1
1392 1504 1
1392 1600 1
1392 1867 1
1393 1461 1
1393 1541 1
1393 1600 1
1393 1629 1
1393 1691 1
1393 1867 1
1393 1876 1
1393 1947 1
1393 1951 1
1393 2194 1
1394 1554 1
1394 1770 1
1394 1995 1
1394 2173 1
1396 1505 1
1396 1600 1
1396 1679 1
1396 1770 1
1396 1774 1
1396 2105 1
1397 1490 1
1397 1548 1
1397 1822 1
1397 1896 1
1397 2011 1
1397 2134 1
1399 2000 1
1400 1691 1
1401 1786 1
1402 1691 1
1402 1930 1
1402 2014 1
1402 2156 1
1403 1633 1
1405 1600 1
1406 1794 1
1407 1891 1
1408 1539 1
1408 2017 1
1408 2091 1
1410 1538 1
1410 1540 1
1410 1554 1
1410 2173 1
1411 1458 1
1413 1444 1
1413 1598 1
1417 1554 1
1418 1430 1
1420 1554 1
1421 1554 1
1421 1602 1
1421 1682 1
1421 1726 1
1421 1840 1
1421 1896 1
1421 2164 1
1422 1600 1
1422 1822 1
1424 1896 1
1424 1909 1
1424 2038 1
1424 2164 1
1425 1588 1
1426 1896 1
1426 2140 1
1427 1483 1
1427 1896 1
1430 1439 1
1430 1492 1
1430 1520 1
1430 1569 1
1430 1570 1
1430 1571 1
1430 1572 1
1430 1573 1
1430 1574 1
1430 1575 1
1430 1576 1
1430 1577 1
1431 1446 1
1431 1836 1
1431 1947 1
1431 2124 1
1433 1497 1
1433 1554 1
1433 1818 1
1433 1927 1
1433 1930 1
1433 1999 1
1433 2075 1
1433 2124 1
1434 1922 1
1436 1437 1
1436 1438 1
1436 1439 1
1436 1440 1
1438 1497 1
1438 1840 1
1439 1521 1
1439 1595 1
1439 1824 1
1439 1870 1
1439 1871 1
1439 1872 1
1439 1873 1
1440 1481 1
1440 1676 1
1440 1888 1
1440 2186 1
1441 1442 1
1441 1742 1
1443 1444 1
1444 1462 1
1444 1476 1
1444 1665 1
1444 1666 1
1444 2050 1
1446 1659 1
1446 1791 1
1446 1863 1
1446 1885 1
1453 1510 1
1453 1770 1
1453 1786 1
1453 1846 1
1453 1891 1
1453 2023 1
1453 2060 1
1455 2118 1
1456 1987 1
1457 1600 1
1457 1774 1
1457 1857 1
1457 1944 1
1457 2118 1
1458 1459 1
1459 1483 1
1459 2069 1
1459 2164 1
1461 1462 1
1461 1463 1
1461 1559 1
1463 1548 1
1463 1680 1
1463 1797 1
1463 1944 1
1463 1964 1
1463 2135 1
1463 2171 1
1463 2218 1
1465 1522 1
1465 1541 1
1465 1662 1
1465 1663 1
1465 1702 1
1465 1799 1
1466 1554 1
1466 1682 1
1466 1691 1
1466 1822 1
1466 1857 1
1466 2011 1
1469 1538 1
1469 1554 1
1469 1682 1
1469 1701 1
1469 1886 1
1469 1896 1
1469 2127 1
1469 2133 1
1469 2199 1
1470 1481 1
1470 1538 1
1470 1554 1
1470 1556 1
1470 1840 1
1470 2134 1
1471 2011 1
1471 2140 1
1472 1691 1
1475 1489 1
1475 1538 1
1475 1676 1
1475 1677 1
1475 1678 1
1475 1770 1
1475 1836 1
1475 1896 1
1475 1968 1
1476 1521 1
1476 1554 1
1476 1896 1
1478 1489 1
1478 1521 1
1478 1740 1
1478 1964 1
1478 2011 1
1478 2127 1
1478 2133 1
1481 1499 1
1481 1500 1
1481 1554 1
1481 1887 1
1481 1896 1
1481 1952 1
1481 2011 1
1481 2105 1
1482 1492 1
1482 1513 1
1482 1952 1
1482 1958 1
1483 1484 1
1483 1485 1
1483 1486 1
1483 1487 1
1483 1488 1
1483 1789 1
1483 1836 1
1484 1805 1
1486 1554 1
1486 1799 1
1486 1896 1
1486 1904 1
1486 1995 1
1486 2090 1
1486 2164 1
1490 1491 1
1490 1492 1
1490 1493 1
1490 1494 1
1490 1495 1
1490 1496 1
1490 1497 1
1490 1498 1
1491 1539 1
1491 1540 1
1491 1691 1
1491 1702 1
1491 1705 1
1491 1715 1
1491 1744 1
1491 1774 1
1491 2011 1
1491 2014 1
1491 2087 1
1492 1774 1
1492 1786 1
1492 1818 1
1492 1840 1
1492 2014 1
1494 1600 1
1494 1691 1
1494 1700 1
1494 1760 1
1494 1770 1
1494 1857 1
1494 1964 1
1494 2164 1
1495 1691 1
1497 1511 1
1497 1634 1
1497 1635 1
1497 1636 1
1497 1691 1
1497 1760 1
1497 1840 1
1497 1846 1
1497 1857 1
1500 1505 1
1500 1987 1
1500 2115 1
1500 2119 1
1500 2133 1
1500 2173 1
1501 1502 1
1501 1503 1
1503 1705 1
1504 1505 1
1504 1506 1
1504 1813 1
1505 1520 1
1505 1539 1
1505 1813 1
1505 1814 1
1506 1639 1
1506 1852 1
1506 1914 1
1507 1508 1
1510 1511 1
1511 1547 1
1511 1910 1
1512 1588 1
1512 1848 1
1512 1960 1
1512 2016 1
1512 2164 1
1513 1514 1
1513 1515 1
1514 1952 1
1515 2198 1
1516 1538 1
1516 1540 1
1516 1840 1
1516 1947 1
1516 2173 1
1519 1816 1
1519 1817 1
1520 1538 1
1520 1600 1
1520 1603 1
1520 1661 1
1520 1784 1
1520 1786 1
1520 1799 1
1520 1818 1
1520 1934 1
1520 2000 1
1520 2124 1
1520 2134 1
1520 2173 1
1521 1565 1
1521 1605 1
1521 1612 1
1521 1666 1
1521 1822 1
1521 1944 1
1521 1957 1
1521 2022 1
1521 2164 1
1521 2171 1
1524 1525 1
1524 1910 1
1524 2010 1
1525 1533 1
1525 1618 1
1525 1619 1
1525 1620 1
1525 1682 1
1525 2010 1
1530 1691 1
1530 1896 1
1538 1539 1
1538 1540 1
1539 1540 1
1539 1743 1
1539 1784 1
1539 1806 1
1539 1818 1
1539 1820 1
1539 1836 1
1539 1892 1
1539 1909 1
1539 1989 1
1539 1990 1
1539 1991 1
1539 2082 1
1539 2133 1
1540 1564 1
1540 1715 1
1540 1743 1
1540 1784 1
1540 1786 1
1540 1818 1
1540 1820 1
1540 1836 1
1540 1990 1
1540 2133 1
1541 1542 1
1541 1543 1
1543 1751 1
1543 2140 1
1544 2105 1
1547 2170 1
1548 1549 1
1548 1550 1
1548 1551 1
1548 1552 1
1552 1584 1
1552 1680 1
1552 1797 1
1552 1944 1
1552 1964 1
1552 2069 1
1552 2157 1
1554 1555 1
1554 1556 1
1554 1557 1
1554 1558 1
1554 1559 1
1554 1560 1
1554 1561 1
1554 1562 1
1554 1563 1
1554 1564 1
1554 1565 1
1554 1566 1
1554 1567 1
1554 1568 1
1554 1569 1
1556 1928 1
1559 1794 1
1559 1975 1
1563 2040 1
1564 1760 1
1565 1770 1
1565 1857 1
1565 2124 1
1565 2140 1
1565 2199 1
1569 1840 1
1569 2199 1
1576 1963 1
1577 2059 1
1581 1582 1
1581 1583 1
1581 1584 1
1581 1585 1
1581 1586 1
1581 1587 1
1582 1584 1
1583 1584 1
1584 1585 1
1584 1586 1
1584 1587 1
1584 1864 1
1584 2119 1
1588 1589 1
1588 1590 1
1588 1591 1
1592 1786 1
1593 1600 1
1593 1840 1
1593 2010 1
1593 2153 1
1594 1638 1
1594 1958 1
1595 1600 1
1595 1684 1
1595 1879 1
1595 2023 1
1598 1617 1
1599 1600 1
1600 1919 1
1600 1922 1
1600 1960 1
1600 2002 1
1600 2003 1
1600 2004 1
1600 2005 1
1600 2006 1
1600 2007 1
1601 1602 1
1601 2127 1
1601 2183 1
1604 1914 1
1607 1896 1
1612 1613 1
1613 1770 1
1613 1846 1
1613 1896 1
1613 1964 1
1613 2011 1
1613 2140 1
1615 1677 1
1616 1689 1
1618 2011 1
1621 1622 1
1621 1623 1
1625 1626 1
1625 1627 1
1625 1628 1
1626 1857 1
1627 1857 1
1629 1630 1
1629 1631 1
1629 1632 1
1629 1770 1
1630 2164 1
1631 1682 1
1637 1638 1
1639 1640 1
1641 1691 1
1641 1774 1
1641 1786 1
1641 1826 1
1641 1857 1
1641 1983 1
1641 2052 1
1643 1836 1
1643 2127 1
1644 1896 1
1645 1646 1
1645 1647 1
1646 1774 1
1646 1793 1
1646 1874 1
1646 1918 1
1649 1884 1
1649 2060 1
1650 1723 1
1652 1779 1
1653 1964 1
1655 1995 1
1655 2140 1
1655 2156 1
1656 1947 1
1659 1789 1
1659 1880 1
1659 1947 1
1659 1969 1
1661 1853 1
1661 1854 1
1662 1663 1
1662 1664 1
1663 1799 1
1663 1884 1
1663 1997 1
1667 2060 1
1669 1896 1
1676 1691 1
1679 1680 1
1679 1681 1
1680 1779 1
1680 1896 1
1682 1863 1
1684 1685 1
1686 1891 1
1688 1904 1
1691 1692 1
1691 1693 1
1691 1694 1
1691 1695 1
1691 1696 1
1691 1697 1
1691 1698 1
1691 1699 1
1694 1927 1
1694 2140 1
1694 2182 1
1698 1857 1
1702 1703 1
1702 1704 1
1702 1880 1
1703 1880 1
1704 1880 1
1705 1706 1
1705 1707 1
1708 1896 1
1709 2127 1
1710 2208 1
1711 2203 1
1712 1713 1
1712 1714 1
1715 1716 1
1720 1721 1
1720 1722 1
1721 2090 1
1721 2143 1
1723 1724 1
1723 1725 1
1725 2118 1
1726 1857 1
1726 1896 1
1726 2164 1
1732 1744 1
1732 1840 1
1732 1927 1
1732 1987 1
1735 1846 1
1740 1741 1
1744 1745 1
1744 1746 1
1744 1747 1
1745 1770 1
1750 1770 1
1750 1930 1
1750 2167 1
1751 1752 1
1751 1753 1
1754 1755 1
1754 1756 1
1756 1760 1
1758 1789 1
1758 1884 1
1760 1824 1
1760 2102 1
1760 2103 1
1760 2104 1
1770 1804 1
1770 1935 1
1770 1936 1
1770 1937 1
1770 1938 1
1770 1939 1
1770 1940 1
1770 1941 1
1770 1942 1
1771 1927 1
1773 2011 1
1773 2203 1
1774 1797 1
1774 1824 1
1774 1840 1
1774 1870 1
1779 1780 1
1779 1781 1
1779 1782 1
1780 1848 1
1782 2020 1
1784 1785 1
1784 1786 1
1784 1787 1
1784 1788 1
1786 1819 1
1786 2043 1
1786 2044 1
1786 2045 1
1786 2046 1
1786 2047 1
1786 2048 1
1786 2049 1
1789 1790 1
1789 1791 1
1789 1792 1
1789 1793 1
1791 1884 1
1791 2114 1
1793 1831 1
1793 1857 1
1793 1947 1
1793 1969 1
1793 2059 1
1793 2194 1
1794 1834 1
1796 2203 1
1797 1798 1
1816 1955 1
1818 1819 1
1819 2153 1
1821 1964 1
1822 1823 1
1822 1824 1
1822 1825 1
1823 2011 1
1824 1834 1
1824 1889 1
1824 1964 1
1824 2016 1
1824 2087 1
1824 2220 1
1827 1828 1
1827 1829 1
1828 1928 1
1831 1832 1
1834 1950 1
1836 1837 1
1836 1838 1
1836 1839 1
1836 1840 1
1836 1841 1
1837 2019 1
1840 1917 1
1840 1931 1
1840 1952 1
1840 1987 1
1840 1998 1
1840 2026 1
1840 2131 1
1845 1952 1
1845 2098 1
1846 1847 1
1848 1849 1
1848 1850 1
1848 1851 1
1848 1852 1
1848 2069 1
1850 1969 1
1850 2164 1
1855 1856 1
1857 1858 1
1857 1859 1
1857 1860 1
1857 1861 1
1857 1862 1
1857 1863 1
1863 1947 1
1863 1969 1
1864 1865 1
1864 1866 1
1868 1869 1
1875 2056 1
1875 2157 1
1878 1879 1
1878 1882 1
1879 1962 1
1880 2184 1
1880 2185 1
1881 2059 1
1884 1885 1
1885 1958 1
1887 1888 1
1893 1896 1
1896 1897 1
1896 1898 1
1896 1899 1
1896 1900 1
1896 1901 1
1896 1902 1
1896 1903 1
1904 1905 1
1904 1906 1
1904 1907 1
1912 1913 1
1914 1915 1
1914 1916 1
1914 2090 1
1917 2134 1
1917 2164 1
1919 1960 1
1920 1943 1
1922 1923 1
1927 1928 1
1927 1929 1
1928 2131 1
1930 1931 1
1931 2068 1
1932 1933 1
1932 1947 1
1932 2135 1
1934 2072 1
1937 2173 1
1939 2016 1
1942 2025 1
1944 1945 1
1947 1948 1
1947 1949 1
1952 1953 1
1952 1954 1
1958 1959 1
1969 1970 1
1969 1971 1
1970 2124 1
1973 2069 1
1983 1984 1
1987 1988 1
1992 1993 1
1992 1994 1
1993 2131 1
1995 1996 1
1995 2166 1
1999 2000 1
1999 2001 1
2000 2093 1
2008 2009 1
2011 2012 1
2011 2013 1
2011 2014 1
2015 2016 1
2015 2019 1
2016 2177 1
2017 2018 1
2027 2124 1
2029 2030 1
2031 2032 1
2031 2033 1
2031 2034 1
2040 2041 1
2040 2042 1
2043 2188 1
2056 2057 1
2060 2061 1
2069 2070 1
2073 2074 1
2076 2077 1
2076 2078 1
2083 2084 1
2083 2085 1
2087 2106 1
2098 2099 1
2098 2100 1
2121 2122 1
2124 2125 1
2124 2126 1
2128 2129 1
2128 2130 1
2135 2136 1
2137 2138 1
2140 2141 1
2140 2142 1
2142 2199 1
2158 2159 1
2158 2160 1
2164 2165 1
2167 2168 1
2173 2174 1
2173 2175 1
2173 2176 1
2188 2189 1
2188 2190 1
2199 2204 1
2201 2202 1
2216 2217 1
