1 2 1516 3309 3630 3631 4092 4395 4397 6236 6350 6371 6372 6374 7876 7877 8395 8603 9027 9315 10447 11244 11439 13118 13447 13448 13804
3 4 254 255 314 315 480 772 773 848 849 1024 1028 1082 1330 1426 1427 1437 1438 1628 2139 2170 2397 2419 2420 2608 3272 3874 3897 4230 4231 4405 5064 5162 5902 6540 6571 7046 8329 8330 8450 8952 8960 9220 9221 9523 9594 9828 10085 10636 11233 11234 11761 13121 13222 13301 13935 14210
5 6 1148 1546 1547 4421 4665 4961 5625 6329 6330 7987 8498 9227 9641 10656 10677 13234
7 24 25 633 879 1071 4154 5586 11608 11609
8 9 10 8134 9752 14594 14595 14596 14597 14789 14790
11 12 554 1548 9999 13168
13 610 688 690 1778 2166 2337 2338 2339 2832 5899 7130 7131 7132 10282 10619 10620 11869 13790 13791 14598
14 15 16 17 4446 11206 12577
18 104 695 842 846 1685 2396 2451 2510 3583 4746 5191 5243 6652 7409 8853 10051 10052 11290 11962 11963 12236 12723 12724 12725
19 20 21 22 23 115 116 117 118 119 803 860 863 864 1922 2005 2006 5084 6568 6569 6570 7749 7922 7923 7937 7938 11537 11538 11739 11932 12341
26 27 28 5547 8726 10783 10784
29 30 84 86 441 442 623 1652 2551 2874 2877 3414 3713 3973 4440 5220 5431 5528 5587 5714 6000 7183 7371 7372 7373 7374 7460 7462 7554 7555 8280 8436 10680 10751 11643 11644 11725 11726 11727 11801 11953 13122 13123 13218 14611
31 213 214 215 216 217 1202 1243 1244 1245 1247 1248 1249 1251 1252 1255 1256 1520 2643 3174 6109 7660 8435 9067 10604 10837 11174 13180 14305 14306
32 33 76 6910 6911 9521
34 36 1675 2253 2254 2908 2909 4786 4814 5548 5851 7255 7560 7561 8406 9091 9111 10053 10334 11871 11885 13159 13163 14450
35 2303 6999 7000 8662
37 38 74 186 194 268 312 424 425 611 735 1025 1026 1261 1266 1686 1941 2040 2155 2751 2949 2950 2996 3727 4056 4329 4481 5236 5730 7760 9750 10354 10408 10409 10410 10411 10792 12500 13704
39 1103 1888 1889 1890 2786 2811 3109 8504 9343 9830 9939 11162 11460 12325
40 41 42 280 647 648 651 1301 1959 2860 2861 2862 2863 2864 2889 2947 3090 3959 4729 4737 5231 5420 6427 7826 8373 8374 8831 9353 11848 11910 11911 12185 13654
43 120 121 205 468 537 539 541 559 756 790 861 862 865 866 1159 1160 1191 1270 1271 1272 1273 1418 1465 1860 2160 2161 2230 2239 2411 2412 2719 2720 2721 2722 2723 2830 2831 2931 3214 3215 3216 3217 3251 3252 3253 3254 3255 3256 3257 3267 3466 3592 3753 3754 3865 3922 3923 3963 4037 4290 4442 4467 4638 4639 4640 4646 4652 4653 4654 4655 4656 4865 5041 5070 5085 5312 5349 5382 5404 5405 5406 5407 5408 5409 5410 5461 5462 5463 5491 5534 5535 5755 5761 5785 5786 5921 5922 5923 5924 5947 6352 6353 6361 6368 6566 6567 6692 6796 6863 6864 6865 6866 6867 6891 6892 7272 7342 7537 7538 7539 7540 7557 7707 7757 7758 7847 7848 7849 7850 7851 8033 8085 8133 8257 8258 8259 8260 8441 8442 8443 8518 8519 8520 8521 8522 8623 8843 8866 8974 8975 8976 9090 9257 9415 9418 9488 9489 9490 9491 9492 9493 9494 9495 9496 9497 9498 9499 9734 9735 9736 9808 9844 10196 10197 10198 10500 10578 10589 10590 10678 10737 10738 10739 10740 10741 10742 10746 10754 10755 10756 10757 10758 11006 11007 11170 11295 11357 11425 11426 11427 11428 11429 11430 11485 11536 11553 11554 11583 11584 11671 11986 12253 12583 12584 12586 12587 12588 12589 12590 12591 12592 12593 12594 12595 12596 12597 12598 12599 12600 12601 12602 12603 12604 12605 12606 12607 12608 12609 12610 12611 12612 12613 12614 12615 12637 12669 12670 12761 12782 12918 13078 13185 13694 13695 13696 13730 13754 13755 13756 13848 13849 13850 13854 13855 13906 13948 13949 14138 14139 14140 14141 14276 14277 14278 14310 14679 14699 14700 14701 14838
44 45 46 436 437 4674 7360 9466 10129 10130 10435 10487 12582 13357
47 48 1683 1684 3845 11943 11944 11945
49 50 51 640 1687 2730 4188 5341 7569 7570 10973
52 53 54 465 466 891 1240 1713 1974 2038 2039 3326 3895 7015 7016 7572 8955 8956 9527 9528 9610 9676 9677 10438 10614 11354 11399 11728 12065 12066
55 830 2660 7589 10339 12993
56 902 984 2486 2580 3368 3495 3496 3497 3499 3501 3502 3503 3507 3509 3651 4710 5949 6221 6846 6987 6988 7463 9288 9648 9649 9650 9992 11463 11694 12720 12860 13392 13393
57 3805 5529 7968
58 2619 8454 8455 8456 8854
59 775 850 851 2028 2213 2377 2564 2565 5393 7056 7057 7640 7988 9319 10712 12064 12986 13621 14341 14711
60 61 9933 13021
62 66 269 1172 1208 1594 1614 2363 2365 2366 2374 2727 2728 2767 2989 3020 3308 3338 3421 3423 3611 4494 4777 4990 5068 5383 5574 5575 5576 6379 6686 7142 8018 8019 8020 8251 8530 8568 8841 9348 9414 9500 9580 10076 10144 10145 10391 10392 10462 10849 10859 10970 10971 11056 11098 11172 11260 11261 12022 12315 12316 12848 12967 12969 12970 12976 12977 13247 13341 13419 13918 13988 14208 14589 14590
63 64 7672 7705 7706 10723
65 260 1661 2789 2790 2791 3885 3886 3887 3888 3903 6204 8083 8346 9865 11938 11939 13095 13096 14684
67 340 2394 4702 4703 5205 5206 5207 5208 6579 6870 7051 8359 10556 10557 10558 13524 14383 14389
68 69 70 11481
71 73 2066 2718 2724 2726 12252
72 1066 1532 2065 2067 2068 3652 3653 3714 3813 3936 4406 4531 4801 4802 5339 5340 5710 6475 6882 6886 6887 6888 6897 6898 7268 7269 7366 8819 10473 12110 12111 12868 12906
75 1443 1952 1953 1954 2081 2093 2201 2743 3875 4771 4772 4773 6232 6233 11048 11049 13951 14831
77 1102 2846 2914
78 79 326 327 502 666 1067 1113 1411 2260 2872 3567 3649 3944 3945 4190 5217 6654 6786 6787 6883 7129 8747 9193 9941 10525 11034 11521 13572 13615
80 368 2649 3057 7464 7465 9380 10368 13382
81 82 83 2788 4954 6803 8356 9970 11154 12021
85 253 942 943 944 945 946 947 948 949 2587 4474 5676 6122 6123 7508 8647 8648 8790 8791 8792 8793 12944 14497
87 462 463 650 1477 1865 1867 2473 2997 3180 3367 5035 10801 10925 10954 11736 12126 12717 14478
88 89 94 154 597 605 606 607 707 728 1400 1401 1522 1523 2024 2025 2400 2646 2974 2975 3250 3391 3392 4140 4271 4286 4732 4733 4734 4735 4837 4841 5092 5239 5716 5717 5757 5758 5759 5760 5762 5766 6380 6381 6382 6383 6384 6385 6386 6387 6388 6389 6390 6391 6419 6764 6946 7073 7474 7527 7545 7658 7659 7796 8024 8046 8047 8048 8049 8050 8052 8086 8174 8757 8919 8985 9080 9081 9083 9118 9888 9990 9991 10140 10141 10142 10164 10941 11050 11051 11228 11323 11369 11370 11733 11734 11876 12242 12284 12291 12292 12310 12333 12394 12425 12471 12628 12754 12995 12996 12997 12998 13570 13684 13783 14322 14323 14382
90 91 1105 1783
92 1790 3928 4410 4411 4826 7250 7251 9654 11712 11916 12130
93 5421 11735
95 96 4558 4559 13442 13443
97 98 99 100 545 546 547 609 1462 2747 6507 6655 7683 7684 7930 11254 11492 11494 11630 13555 13698 14324 14325 14326
101 523 1930 1931 3615 3668 8665 10336
102 11202 14434
103 286 287 310 2368 2807 7591 9860
105 106 108 11195
107 1383 3403 4528 4977 5093 5095 5100 5102 5105 5227 5738 5740 5741 5742 5743 6087 6131 6132 6133 6134 6135 6137 6138 6140 6592 6593 6594 6595 6637 6900 6901 6902 6903 6904 6905 6906 6907 6908 7094 7096 7097 7098 7502 7507 7511 7512 7513 7514 7515 7516 7518 7530 7546 7547 7821 7822 9065 9098 9099 10123 10133 10134 10309 10528 10764 10765 10766 10767 10768 10769 10770 10771 11003 11004 11252 11484 12057 12268 12269 12348 12557 12979 12980 12981 12982 12983 13892 13893 13894 13895 13896 13945 13946 13947 14426 14427 14610
109 601 638 1012 1221 9064 13905
110 1453 2011 2741 6857 7743 7744 9533
111 592 2625 2746 5720 8005 10611 14354
112 113 114 1482 5005 6004 9173 10103 14817
122 9382 11173 11887 12585
123 124 845 1164 1360 2246 2710 2779 3762 3804 5075 5492 5493 7308 10159 10968 11384 11385 11390 11855 11856 11857 12914 12949 13256 13299 13304
125 1205 7647 7648 8920 10064 10065 10066 10067 11031 13721 13722 13723 13724 13725
126 127 1905 2049 10281 13005 13764 14473 14599
128 257 1511 1512 2071 2978 3409 4246 4475 7534 8569 8570 9249 9250 11101 11320
129 130 131 4367 5657
132 133 134 869 1449 1994 3428 5911 7284 12499
135 136 477 2899 3619 4278 4460 4461 7232 8191 8347 12821 12822
137 139 206 375 438 439 443 444 483 593 659 737 755 1073 1074 1075 1076 1077 1078 1079 1080 1081 1083 1087 1480 2576 2577 3024 3025 3026 3027 3028 3029 3030 3031 3032 3033 3034 3035 3036 3037 3038 3134 3305 3476 3541 4214 4953 5168 6321 6848 6935 7797 8009 8010 8011 8012 8324 8581 8582 9485 10406 10854 10856 11010 11436 11934 12424 12617 12618 12849 13458 13957 14065 14066 14067 14292 14480 14481 14676
138 369 1380 1452 1961 2176 2283 2284 2386 2388 2970 3185 3985 4064 4352 4453 4463 4830 6101 6102 6103 6104 6105 6106 6107 6108 6719 7503 7533 7985 7986 8051 9248 9475 9721 9861 9862 9977 9978 10153 10810 10942 11656 11730 11731 11732 12437 12439 12440 12867 13582 13974 14537 14582 14583 14584
140 1190 1809 1810 3990 4738 4739
141 1863 2513 3056 3613 3614 4110 4689 4834 5015 5812 5813 5814 6207 6208 6209 6210 7292 7596 7824 8858 8964 8965 9293 9552 9925 9929 9986 10615 11166 11610 11611 11612 11613 11661 13102
142 143
144 145 146 12084 12085 12086
147 1926 1927 1928 3096 5021 5022 5023 7482 7483 7484 7485 7486 7487 7488 7489 7490
148 149
150 151 2354 9331 9964
152 176 1134 1405 1562 1563 1564 2639 3443 3445 3719 4311 4979 4980 5763 5764 5767 5768 5770 5772 5774 5776 5777 5779 5780 5782 6526 6527 8867 10850 11163 11631 12478 13520 13521 13522 13900 13901 14403
153 2971 3798 3800 4150 5166 7741 8252 8439 11804 12952 12953 12954 13311 13312 13313 13314
155 238 341 950 2638 4929 5270 8851 10380
156 6150 6151 6152 6153 6154 6155 6156 6157 6158 6159 6160 6161 6162 6163 6164 6165 6166 6167 6168 6169 6170 6172 6174 6175 6176 6178 6179 6180 6181 6183 6184 6185 6186 6187 6188 6190 6191 6192 6193 6194 6195 6196 6197 6198 6628 9693 9694 9695 9696 9697 9698 9699 9700 9701 11330 12157 12158 12159 13750
157 519 521 2569 2570 2913 3752 3932 6130 7133 8040 8389 9289 9372 9373 12781 12883 14462 14463
158 994 3051 5154 5155 7377 7519 7520
159 464 895 1128 1995 1996 2536 2912 3341 4356 4704 6873 6874 7347 7632 7970 7971 10506 10984 12179 13287
160 223 249 2496
161 1604 1857 1858 1859 2147 2148 2164 2345 3400 3401 3417 3418 3676 4163 4164 4165 5017 5471 11117 11118 11455 13693
162 461 504 4443 5297 9352
163 4089 4090 4091
164 165 166 167 168 271 1667 1668 1670 1671 3078 3079 8627 8663 9730 9731 11353 12524 12525 12526 13417
169 170 171 348 10612
172 173 3297 4028 4369 4370 7687 11029 11187 14209
174 2053 2054 2055 2056 2057
175 5301 5302 6483 6485 6659 6661 6662 6663 6789 6790 7872 7873 9122 9123 9124 9125 9126 9127 9128 9129 9281 10832 12920 13016
177 377 378 4565 5531 11332 11333
178 180 181 8629
179 4267 4717 4718 5557 5559 6399 6400 6829 6896 6926 8449 9446 11325 12107 12108 13219 14110 14111 14112
182 183 919 920 923 925 5082 12941
184 4823
185 3149 3150 4924
187 188 1035 4342 5845 6423 6424 6425 7595 8493 10347 11783 12125 13478 14445 14585
189 488 2481 3197 5232 9320 12700
190 191 1038 3475 7013 7266 12900
192 193 2930 3111 3155 3156 3163 4217 4218 4307 7324 7325 7887 12922 14757 14758
195 196 197 198 199 200 201 202 203 204 207 208 209 210 211 212 738 1109 1235 1236 1332 1333 1433 1468 1607 1608 1769 1773 1774 2041 2240 3384 3494 3791 3930 4436 4437 4438 4462 4673 5000 5001 5347 5348 5351 5357 5358 5359 5361 5366 5377 5378 5869 6301 6708 6709 6710 6785 6920 7040 7156 7285 7286 7370 7532 7729 8780 8889 8912 8913 8914 8915 9768 10060 10097 10098 10149 10445 10659 10932 10933 11549 11852 12003 12449 12674 12736 12737 12738 12739 12990 13220 13760 13761 14058 14420 14604 14841
218 2200 4949 4950 4951 7906
219 990 1466 1467 2131 2334 2627 2632 3294 3869 5226 5945 5946 9483 10206 10333
220 256 1178 1442 1530 1531 2482 2483 2484 2485 2782 2783 3742 3784 4922 5028 5673 6948 6950 7327 7780 7823 8066 8067 8812 8813 8832 8833 9936 10284 10285 11342 11343 11421 11925 12334 12727 12871 13286 13697
221 892 1848 1849 1850 2016 2073 2211 2491 2492 2493 2637 2770 2771 3042 3043 3044 3437 3438 3439 3440 3671 4038 4301 4424 4425 4427 4466 4487 4581 4754 4756 4778 4779 4781 4875 4876 5056 5083 5086 5505 5507 5509 5549 5824 6281 6309 6714 6715 7166 7167 7294 7752 7753 8249 9503 9504 9505 10586 14009 14010 14115
222 2231 2232 2490 3960 3961 3962 3966 4636 5147 5439 5815 6220 7267 7792 7990 8953 8954 8967 10321 10930 13662 13663 13664 13665 13984 13994 13995 14130
224 3586 3992 3993 4300 5036 6491 6492 7061 9645
225 333 455 660 682 683 684 685 703 903 905 906 1371 1947 2154 2347 2523 3050 3052 3053 3064 3065 3107 3108 3265 3266 3675 3677 3726 4016 4017 4304 4382 4444 4587 5582 5583 5935 6359 6584 6641 6642 6643 6869 6933 7181 7229 7230 7236 7262 7355 7958 7959 7984 9413 9578 9581 9599 9969 10061 10062 10518 10519 10603 11140 11141 11176 11232 12044 12091 12329 12483 12493 12494 12762 12923 12924 12939 12991 13302 13303 13422 14671 14813
226 227 228 229 1445 1625 4155 5172 5173 5674 6801 7556 8649 10150 11660 11729 13079 13979 14137
230 231 232 1152 3121 3122 3123 9719 9720 9761 9981 9982 9983 12747 14068 14716
233 2343 2650 2651 2652 2656 6816 7789 14125
234 808 3168 3678 3744 4034 4035 4189 4780 5215 5228 6126 6547 8822 9825 10804
235 7440 12349 13591 14107 14651 14652 14653 14816
236 452 2511 2512 2514 7238 9922 9923 9924 9926 9927 9928 9930 9931 9932 12221 12222 12223 12224
237 637 1014 1061 1569 3249 3996 3997 3998 4071 4072 6673 12045
239 1036 1282 1283 1284 2102 4815 8661 12458
240 473 818 870 871 1534 1787 2052 2134 3571 3572 4295 6533 6947 7001 8434 8643 8670 10106 11635 11909 11914
241 5072 5163
242 243 244 2401 5751 5752 13134
245 646 675 676 680 681 691 692 693 694 1224 1666 1795 1796 1862 1901 1971 1972 1973 3761 4094 5242 5372 5656 5877 5915 9980 10320 10322 12476 13549 14229 14539
246 247 334 388 389 390 449 852 2018 2903 2904 3165 3462 4036 4208 4210 4211 4589 4590 4835 6626 6859 7852 7853 10778 11381 12757 12758 12759 13209 14386
248 1585 1737 3447 5765 5908 6949 7835 8210 8211 9864 10039 10040 10041 10042 10288 10290 10291 11367 11368 11388 11940 12181 13142 13617 14020
250 1423 1424 1471 1472 7509 13119
251 252 2586 2588 2589 2590 2591 2592 2593 2594 2595 2596 2597 2598 2600 2601 2604 2607
258 259 1539 3588 5319
261 262 263 786 787 889 1269 1319 1463 2427 3383 3546 6127 9071 12732 12733 14126 14127
264 266 847 927 1388 1448 3939 4407 5237 5318 6971 7100 8028 11393
265 7737 8378 13916
267 1736 5916 5917 10348 10349 14567
270 1505 4529 4530 4678 8650 14456 14457
272 273 302 1526 3073 3648 3689 5203 5204 6356 6997 8403 8715 11247 11410 12124
274 275 9728
276 277 7066 9238 12127 12886 13673
278 9658
279 1327 1328 1329 2926 2927 3084 3085 3086 3900 3901 4044 4630 5637 6071 8141 8142 8143 8416 8900 10570 10632 10861 11715 11716 13154 13155
281 828 829 941 1010 1011 1295 1696 1697 2665 2668 3091 3284 3659 4046 5556 6398 6744 7152 7593 8664 8685 8903 9110 9366 11717 11915 13416 14179
282 5418 8402 8413 8414 8868 11215 11216 12459
283 1537 10788 10789 12122
284 1285 1286 1287 1309 1536 1538 2460 2671 4130 4132 4197 4198 6698 8405 9984 9985 10346 11212 11213 12974 14740
285 7754 7755 7756 8281 8445 9210
288 289 290 291 292 304 305 524 525 526 1292 1293 4223 4415 6688 6728 6729 7863 10786 11018 11019 12714 14059
293 294 295 1904 3851 3852 4585 5424 7258 8711 9375 9660 9661 11341 11461 11822 13165 13166 13989
296 297 836 837
298 7021 7022
299 9655 10338 11211
300 301 303 3100 7011 9665 9666 12119
306 307 1826 2095 2096 2553 13213 13214
308 309 938 9148
311 1356 1357 1620 2205 2207 2209 2210 2362 3598 5398 5503 6318 9120 9243 9244 9379 9799 9800 9801 10079 10811 12790 12791
313 742 743 5926 5927 6315 11158 13584 14100
316 317 6934 10848 13217
318 319
320 1033 1034 1758 1759 10773
321 322 323 4604 4605 5167 12254
324 11207 11408 12120 13398 13932 14647
325 813 9104 12877 13934
328 1646 3554
329 330 1004 1129 1130 1131 1132 2001 2680 2681 3288 4175 4691 5142 5143 7039 7376 8327
331 929 7452 7730 8003 8837 9410
332 2151 2480 3857 4330 5667 7599 10496 12031 12838 12966
335 998 999 1184 2465 2940 2941 2943 2944 4340 5886 5887 8382 9229 10401 14244
336 10068 10190 12116
337 413 422 423 489 491 542 1220 1267 1639 2152 2900 3375 4449 4690 5120 5246 6484 6921 9685 9686 11128 12306 12531 12560
338 339 5747 5748 8595 9516 9517 9852 9853 10494
342 527 528 529 530 1334 2087 6072 9900 11024 12718
343 344 345 777 1027 1678 1679 1680 1681 1682 2286 2287 3587 4634 5313 5314 6489 6511 9706 9972 10217 10218 11740 11741 11742 13593 13728
346 347
349 351 352 758 760 761 1381 2500 2501 2502 3756 4447 4448 4761 4923 5193 5194 5218 9579 11112 11376 12240 12690 12691 12866 13784 13785
350 510 511 900 1198 1203 1250 1253 1337 1338 1340 1341 1451 1491 2415 2432 2733 3603 3604 4129 4994 4995 4996 5225 5284 5706 5707 5708 5709 5948 7501 8688 8689 9010 9011 9400 10073 10387 10485 11446 11678 12658 12659 12660 12735 13858
353 354 3724 3725 4790 7969 9472 9473 9474 9777 10439
355 1461 3299 3899 5195 6332 7079 7080 7126 7643 7807 7808 7809 7810 7811 7812 7813 8529 10821 11834 11929 12523 12844 12865 12942 13178 13179 13199 13967 14124 14568 14644
356 411 426 427 514 515 708 798 3849 4583 5196 5197 5198 5199 5857 5858 5865 7259 8383 9583 9584 9723 10502 11517 11899 11900 11901 11902 12087 12088 13451 13716 13879 13931
357 358 1296 2778 4740 9191
359 360 1450 1460 1989 2995 12395
361 363 447 448 739 740 741 2332 4439 8850 9469 11276
362 2063 3058 3594 3595 5381 6516 12687 12688 12689 13183 13212 14424 14425
364 1776 2278 4368 9326 9447 9812 10654 10655 13104 13105 13106
365 366 367 617 618 619 967 969 1605 1606 1757 2731 2732 2734 2735 2736 2737 2738 2739 2810 8744 8745 9222 10702 11047 13113
370 371 988 2012 2013 2014 2015 2076 2077 3234 3321 3426 3427 4015 4027 5333 5800 5801 5802 5803 5804 5863 6141 6142 6619 7918 8131 8132 8597 8918 9292 9672 9702 9737 10080 10081 10082 10083 10269 11344 11345 11470 11471 11662 12032 12067 12068 12069 12934 13108 13182 13547 13548 13727 13870 14300 14407 14486 14487
372 373 1793 2214 2215 4250 4675 7242 7778 7827 9557 9687 10395 10396 12432 13000 13001
374 2917 2918 2919 2920 2921 2922 2923 2924 3157 3159 3160 3505 3799 4488 4567 5718 7207 7208 7209 7210 7211 7212 7213 7214 7740 7742 8396 8397 8438 8863 9000 11810 12089 14474
376 1739 1740 2128 3601 4676 4677 6077 9732 9733 13169 13976
379 380 3220 3224 3225 3226 3227 3228 3229 3230 3231 3232 3233 5825 5826 5827 5828 6514 6990 7074 7076 7077 7091 10001 11192 11193 11219 11220 11221 11222 11223 11543 11544 11545 11546 11547
381 382 6591 7657
383 1420 1827 1828 2641 2976 2977 4289 4422 4518 4519 7095 10637 11482 11607 12330 12399 12473 12666 13726 13978 14818
384 385 457 776 1086 1353 1421 1714 1878 1948 1949 2341 2408 2457 2524 2526 2527 2561 2562 2563 2579 2687 2697 2946 2999 3000 3022 3268 3269 3330 3477 3478 3625 3626 3674 4070 4441 4586 4824 5125 5518 5677 5678 5925 5936 6724 6899 7548 7549 7578 7819 8524 8738 9559 10865 10866 11045 11229 11556 11557 12520 12764 12765 13235 13715 14350
386 387
391 2272 2273 4543 11041 11759 11760
392 393 394 396 762 763 5119 8408 8660 10469 14475
395 2541 2549 2873 2876 7673 7674 7675 7676 7677 13744
397 556 602 603 604 1700 1701 2020 3650 4671 5019 10371
398 11259 12638 14680
399 400 401 402 2364 2890 3046 3047 3117 3164 3364 5394 5395 5519 5520 6145 6146 6147 6324 7602 10526 10527 10905 10906 13270
403 404 1331 1572 2773 2774 3665 4566 7776 8669 9656 9897 12989
405 6205
406 4816 9361 13861
407 1002 1003 1335 5211 9009 11884 13174
408 410 1241 3846 3847 4243 6732 9678
409 2434
412 414 8712 8872 14607
415 416 417 652 653 1390 3551 9486 12046
418 419 421 2285 2395 5513 6401 7541 8317 9381 9979 10204 10205 10819
420 886 2279 2280 9321 9322
428 764 1072 2242 7339 8238 9374 9988 11030 11279 11897 12332 12710
429 2407 3210 3213 3405 3406 3407 3408 3627 4539 5443 7052 7846 8589 8842 11418 12484 12704 12705 13223 14574
430 431 432 445 1064 3715 4521 4522 4913 11262 11263 12340 13140 13141 13884 13885 13886
433 898 899 1623 1624 3112 3937 4186 5727 6503 8968 11815 12491 13065 13074 13851 13852
434 435 1057 1823 7323 7688 7750 8319 14211
440 3697 4963 8437 10616 10617 12162 14262
446 503 608 874 875 876 2506 2578 2833 3402 3946 3947 4251 5457 6585 6586 6587 6588 6589 7071 7124 7145 7179 7497 7499 7525 7526 8490 8679 8717 8925 8994 10199 10325 11165 11456 12641 14019 14169
450 451 453 454 460 500 995 1719 2729 4109 4744 4965 6726 7161 8580 9226 10307 11668 11669 11670 12964
456 501 673 1084 1290 1663 1664 1677 2080 2244 2245 2342 2346 2772 3128 3486 3577 3716 3717 3718 3757 3941 3942 4008 4009 4061 5437 5494 5651 5702 5831 6060 6061 6062 6063 6064 6065 6066 6067 6068 6069 6094 6095 7381 7411 7894 7895 7896 7897 7898 7899 7900 7901 7902 7903 7904 8043 8527 8533 8534 8748 9310 9355 9356 9385 9386 9550 9551 9625 10148 10352 10353 10497 10664 10665 10666 11382 11383 11851 12788 12801 12807 12808 12951 13187 13496 13574 14303
458 2865 10389 10390 13246
459 4178 4940 14050
467 552 1791 1792 2281 2282 2294 8743 8746 9745 10797 10798
469 470 1732 3915 4313 4580 4660 4855 6799 7650 8318 9399 10230 10306 10618 10726 11765
471 624 1192 1195 1196 1475 1476 1981 2787 2800 3238 4196 4279 5460 8428 10063 11502 11503 11504 13231 13876
472 901 7408 10693 11287
474 2074 3278 13297 13729
475 1402 1403 1404 1550 1551 4386 4387 4388 4389
476 904 1643 1644 1645 1744 1745 1746 3023 3525 3838 3839 4341 4402 6875 8579 10993 12237 13147 14417
478 479 662 709 13977
481 482 512 1963 2183 2184 10002 13125 13275
484 1412 2199 2352 3133 3218 3219 4138 4570 4571 4572 4573 4574 5240 5427 6470 6471 6472 9178 10241 10242 10374 11205 12235 12256 12578 13758 14335
485 1246 3545 10294
486 487 1552 1553 1554 1555 2766 4176 4495 7856 8320 9025 10261
490 3775 3776 4139 4378 4379 4380 4381 5121 12643
492 5250 5251 9739
493 494 496 11107 11108 11109 12109
495 6889 6890 9076 9077 10583 11867
497 1851 2384 3711 3968
498 499 562 625 626 627 631 632 642 643 1186 1268 1597 1598 1875 2525 3369 3370 3371 3372 3579 4483 4984 10095 10724 10750 12616 13446 14416
505 506 507 508 509 907 2891 2893 2894 2895 2896 2897 2898 4901 6955 9722 14471
513 1524 1600 2442 3179 3323 3324 3325 3533 3534 3621 4423 4628 5066 5745 5746 5832 5835 6334 6335 6336 6337 6517 6518 6519 7162 7163 7164 7281 7407 8225 8491 9994 10599 10600 11291 12230 12231 12232 12233 12307 12405 12947 12948
516 1288 1289 1291
517 518 1579 11026 14178
520 7069 7070 9445 12453 14246 14247
522 1506 1544 1545 1932 3954 7865 11718 12117 13162 13400
531 2062 2064 2509 3290 3291 3292 3529 8608 8628 13167 14161 14693 14694 14735
532 12889
533 1305 6763 9209 13032 13033 13034 13035 13036 13037 13038 13039 13040 13041 13042 13043 13044 13045 13046 13047 13048 13049 13050 13051 13052 13053 13054 13055 13056 13057 13058 13059 13060
534 536 1211 1561 1651 2359 2360 2361
535 628 781 782 783 1062 1063 3419 4490 4491 4493 5435 5436 5749 5888 5889 7916 7917 8516 9847 10078 10231 10495 11752 11754 12346 12347 12640 13795 14098 14099 14808
538 2042 2043 2044 2045 2046 2048 2223 8235 8591 8592 10995 11581 12753 13124 13757
540 6326 6327 8879 9383 11053 11054 12933 12956 12957 12958
543 712 2461 2462 3553 4454 4938 5496 7282 10938 12302 12303 12304 12510 14572
544 1376 1770 1771 2079 2178 2179 2684 2685 2698 3017 3018 3068 3070 3071 3298 3300 3394 3395 3397 3398 3485 3487 3745 4177 4291 4774 4775 4804 4942 5596 5597 5598 5599 5601 5602 5603 5604 5605 5606 5769 5775 5816 5939 5987 5988 6010 6011 6012 6234 6674 6675 6676 6677 6678 6795 6797 6827 7058 7059 7092 7093 7215 7216 7217 7218 7219 7220 7221 7222 7223 7224 7225 7226 7227 7343 7344 7345 7346 7579 8366 8769 8827 9272 9273 9274 9709 10191 10192 10193 10194 10195 10254 10474 10475 10561 10601 10602 10642 10643 10644 10645 10646 10648 10717 10806 11159 11648 11996 12113 12251 12485 12486 12487 12488 12489 12926 13747 13748 13749 13823 13996 14057 14089 14090 14091 14092 14683
548 549 550 14031
551 13450
553 2566 6314 11459
555 1193 1473 2748 3262 3629 9975 10955 10956 11719
557 812 1566 1567 1568 1576 1578 2060 2061 2815 2816 2817 2928 3279 3337 3822 4191 4568 4845 10463 11632 12416
558 2716 4126 6534 6535 6536 6537 6538 7585 11009 14145
560 2059 2533 3916 3917 3918 4429 4946 10529 12837 13863
561 745 885 894 1106 1107 1814 1876 2238 2438 3821 3904 3906 5489 8725 8798 9831 13007 13390 14829
563 854 855 856 857 858 859 2925 4183 4184 4185 9073 11138 11139
564 565 566 567 568 569 570 571 572 573 574 575 576 577 578 579 580 581 583 584 585 586 587 588 590 591 1149 1150 1153 2814 3148 7781 8999 9519 9520 13680 14040
582 6805 6806 6807 6808 6809 6810 12479 12480 12481 12482
589 6968 6969 9068 9079 9138 11239 11480 12826 13518 13519 13556
594 595 596 598 600 8771 8772 8773 8774 8775 8776 8788 9401 9402 9403 10202 10203 12426 12427
599 757 1070 1425 1485 1845 2029 2030 2529 2530 2531 2532 3161 3186 3836 4215 4216 4939 5131 5132 5541 6328 7160 8384 8451 8494 8495 8496 8497 9522 10635 10813 10975 11334 11414 11520 12156 13014 13778 14630
612 5115 5116 5670 5672 6647 8054 9270 9271 9480 9481 10372 10373 10682 11984 13564 13565 13733 13734 13735 14307 14361
613 884 1464 4283 4284 5811 6564 7603 8834 9263 10301 10302 13375 13502 13553 13554 13658 13753
614 615 616 11311 13490 13491
620 621 1797 1853 1854 1855 8890 11812 13110 13138 14133 14315 14316 14317
622 636 774 1200 1218 3722 3723 3891 3972 6909 10317 10318 10319
629 641 931 3890 4975 7390 7685 8799 9339 9976
630 9501 14709
634 635 1325 1326
639 4763
644 645 4062 4063 9074 10236 10386 13743
649 822 1257 3062 7256 8144 8721 11214 12131 12132 12716
654 655 656 657 667 668 669 670 5692 5703 5704 6292 8326 9247 11348 11349 13411 13540 14412 14755
658 661 1408
663 664 665 4244 4611 4719 11636
671 1065 10579
672 4403 6112 10400 10524
674 2609 2610 2611 2612 8778 8779 8781
677 678 754 3126 3127 9548 10685
679 2672 6393 7637 7638
686 687 3612 7028 11777 11778
689 1914 1915 4941 8056 8611 8612 11599
696 697 1504 3147 4264 5054 5350 5353 5354 5355 5356 5363 5364 5365 5367 5368 5369 5370 5838 6182 10160 10161 11918 11919 11999 12000 12002 12004 12005 12006 12007 12008 12009 12010 12011 13573
698 699 700 701 702 1589 1590 1912 4999 7414 9036 9179 9180 13004 13494
704 1903
705 706 2435 2550 5794 7791 9269
710 1110 1866 4023 4409 6239 9228 9575 10842 11782 12671 13160
711 2573 2574 3712 4209 5521 6927 8206 9624 13100 13101 13641 13944 14618
713 2812 2813 9914
714 716 717 719 720 721 722 723
715 1166 1167 1168 1169
718 2274 2275 2276 14313
724 725 12470
726 727 729 9039
730 732 1775 1843 2711 2712 4608 5300 5821 8865 10504
731 1413 1414 1415 2172 2704 3733 4377 4431 4432 4433 5544 5723 5829 6339 7947 8448 9909 9966 11874 11920 12740 13205 13539 13541 14602 14603
733 1619 6839 6840 13094
734 736 1913 2070 2149 3460 3544 4591 7356 10434 10760 10761 10919 11663 11664 12813
744 1832 1840 3633 3634 3737 4867 6545 8196 10843 10844 10845 11881 11960 11961 13145
746 887 2382 2383 3049 4285 5002 14045 14046 14047 14444
747 748 1013 2745 2784 2826 5789 9416 11278 12527 12661
749 1377 1378 1879 2218 4832 4909 4910 5216 5731 6360 6941 6942 6943 8598 8599 11292 11293 11294 12434 13087 13088 13089 13090 13126 13127 13221
750 1629 1630 1631 2350 2463 3763 3983 4031 4032 4637 5441 6574 7441 7442 7443 12298
751 752 1316 1317 1318 2693 2696 3624 4303 5128 6362 7454 7455 12843 13620
753 1852 2705 3190 4497 4498 4499 4500 4501 4502 4503 4504 4505 4506 4507 4508 4509 4510 4511 5065 5241 5928 6325 6802 9724 9725 9963 11415
759 800 2835 4095 4151 14464 14465
765 767 769 770 771 5265 6129 8656 8814 9714 9715 9716 12943 13890 13891 14809
766 768 7558 7559 9055 9056 9057 13423 13425 13426 13427
778 1374 2392 3005 3006 3010 3011 3141 3172 3933 3934 4312 4758 4920 5371 5560 5561 5594 5595 5664 5866 5867 6855 7110 7206 7228 8716 9869 9971 10087 10455 11081 11153 11200 11555 11627 11853 11854 11906 11907 11908 11998 12114 12263 12305 12965 13143 13206 13878 14215 14216 14217 14414 14797 14798
779 4596 4936 5508 5554 5555 9597 9598 11548 12631 12755 13980
780 1015 1016 1650 1705 1706 1983 3662 4014
784 2167 3669 4133 4134 6837
785 2302 2304 2305 2901 5415 11933 12118 13505 13807
788 970 1234 2069 2768 3045 3237 4153 5666 6583 6912 8379 9774 9775 10699 10900 10922 10923 10924 11364 11562 11724 12549
789 6415 11850 12899 12901 12902 12903 12904 12905
791 792 794 795 10295
793 971 972 973 974 1361 1362 1363 1364 1369 1469 1470 7498 7663 7888 7889 7890 7925 8828 8829 10101 10102 10551 10711 11755 11811 12415 13232 13233 14772 14773
796 797 2910 2911 4820 8795 13619 14212
799 1112 1114 1116 1117 1118 1653 2583 3209 4679 4680 4757 5014 5063 5522 6727 7319 7320 7321 7322 7333 7604 7605 7606 7854 8057 8576 8690 8691 8989 9595 9740 9741 10016 10210 10315 10509 10613 11001 11002 11600 11601 11602 12389 12390 12391 12512 13508 13543 13566 13567 13568 13595 13648 13819 13975 14421 14422 14479
801 802 804 805 2085 2086 2459 3823 10074 12915
806 3444 3446 4789 6798 7974 9835 9836 9837 11011 11012 14069 14805
807 2072 4547 6687 8765 10950 11046 12559 14485 14503
809 810 811 1089 1090 2097 4765 12579 12580 14728
814 1439 1441 1824 1825 2336 3076 3077 3293 3527 3943 5399 5400 5401 5413 5414 6118 6119 8265 8505 9893 10847 10855 11693 12456 12457 13148 13933 14170 14171 14432 14734
815 816 2101 3083 9821
817 888 890 963 1669 2538 2539 2542 2543 2544 2545 2546 2547 2548 2853 2870 2871 2875 3506 3508 3510 3511 3622 3623 4108 4205 4348 4363 4364 4365 5334 5335 5337 5342 5343 5386 5387 5499 5500 5527 5852 6681 6682 6683 6684 6685 8998 11123 11563 11564 11565 11566 11567 11568 11569 11570 11571 11572 11573 11574 11575 12077 12873 12874 12875 12876 13622 13623 13624 13625 13626 13627 13628 13629 13630 13634 13635 13636 13637
819 1108 1720 1721 1722 1723 1724 1725 1726 1727 1728 1729 1730 1731 3878 3879 3880 3881 8376 8377
820 821 1303 1372 1373
823 824 1540 1541 1542 2522 3557 4225 4226 9108 11022 11023 12884 12885
825 826 827 2669 2670
831 841 1297 1298
832 833 834 8904
835 1209 1210 1543 1955 2469 2470 4822 9237
838 839 840 4050 4051 4052 7946 8417 8899 9659 11912 12460 12461 12662 12663 12719 13667
843 844 5792 12763
853 3820 9902 13649 13669 13745
867 868 1521 3618 5918 6410 14419
872 873 4306 5016 6091 7134 7140 7397 9675 12511
877 1676 7614 7646 9467 9838 12907 14743
878 1201 1528 1529 1743 2000 2277 2750 3728 4911 6609 8340 8692 10000 10212
880 993 996 1765 1944 1945 1946 2026 2027 2198 2430 2431 2433 5433 8034 8934 8935 9070 9707 9708 9803 9820 11013 13789 13809
881 882 8503 14072
883 2237 5029 8337
893 7362 7363 7365 10220
896 897 1896 1897 2138 5719 9751 12859
908 910 5655 5750 13137 13207
909 6689
911 2991 2992 2993 7391 7571
912 913 2866 2867 2868 3940 6608 7309 7739 8243 13175 13176 13433
914 915 3859 6610 10235 10857 10858
916 12940 13136 14459
917 921 9437 10489 10490 12513 13985
918 7311 7312 7313 7314 7413 7446 9054 14719
922 7180 7184 7185 7357 10090 10539 10540 10541 10542 10584 11954 12317 12318 12955
924 1127 4288 6090 9093 12404
926 11373
928 1187 1188 2135 2367 4550 5190 6206 7504 7800 9063 9974 11155 12697 14321
930 1986 1987 1988 3301 3302 3303 5087 6711 6842 9389 10232 10355 10356 10864 10897 10898 12619 12750
932 933 934 935 991 1088 5426 5736 6713 8180 8181 9452
936 937 2225 2488 2907 7788 9671
939 940 1738 2709 9192 10538
951 952 953 1041 1043 1212 1214 1654 1702 1703 1704 2794 3628 5074 5192 6542 6543 10312 10466
954 955 957 958 959 961 962 964 965 966 968 2031 2740 3393 3517 3518 3519 3520 3556 4349 4592 5011 6612 6613 6614 6615 6616 6725 8526 8823 9001 9333 9334 9335 9461 9462 9484 9545 9546 9948 9949 9950 9951 10503 11015 14674
956 960 1804 1833 1834 1835 1836 1837 1838 1839 2479 4156 4840 11235
975 2206 10332 10943 13986
976 979 981 1906 2047 2173 2174 2175 2714 5050 5051 5052 5053 6218 6219 7104 11365 11366
977 10289
978 1982 4885 4960 5525 6645 6768 6769 8754 8755 9727 9934 9935 12013 13067 13068 13069 13240 13241 13242 13243 13613 14062 14063 14064
980 8590 8593 11847 12243 12244
982 983 1587 1588 5532 5533 7143 9354 9937 9938 11086 11087 11665 12398 12468
985 2241 2257 3999 6847 6853 6854 7125 7881 8217 8218 8335 10633 10634 14810
986 4988 6664 6665 8992 10736 14038 14039
987 2083 2084 4029 5878 8065 8538 8539 8540 8541 10461 11224 12841
989 4914 4915 4916 6461 10867 13659
992 6316 6317 8652 8653
997 1199 1339 1493 1495 1496 1502 1503 1627 2169 2528 3388 3389 3390 3893 3919 3920 4173 4371 4398 4399 4426 4473 4549 4569 4821 4962 5096 5097 5099 5101 5127 5510 5732 6143 6144 6313 6508 6515 6804 7691 7692 8030 8228 8229 8230 8231 8232 8460 8461 9404 9405 9560 9913 9987 10035 10124 10260 10263 10264 10265 10298 10299 10300 10385 10625 10626 10963 11082 11083 11236 11240 11335 11666 11824 12824 12857 12872 13358 13479 13480 14314 14387 14477
1000 1375 1672 13657
1001 2642 2986 3637 9651 11057 13146
1005 3585 5739 6139 6791 8036 8037 8038 8039 8586 9829 9855 11785 11786 12647 14759
1006 1007 1008 2834 4026 4361 4362 8720 10443 10444 11849
1009 3101 4838 4839 7147 7148 7149 9075 10072 13587
1017 1018 1223 1920 1921 1943 2162 2265 2266 2267 3790 5658 7631 7941 9487 9592 12521 12522 13808
1019 1020 1021 2387 2389 5224 5700 5701 7038 14787
1022 1023 3785 3786 3787 3788 3789 4024 4434 4435 4836 5502 6275 13378 13379 13380
1029 10627
1030 1204 1206 2203 2764 7265 8233 13208
1031 1032 6100 13130 13131 13132 13133 14377 14378
1037 11898
1039 1040 1535 4408 6679 6998 8404 9890 11405 13666 14725 14726 14727
1042 3199 4022 4391 4480
1044 1045 2104 7254 8145 9367 11025 11913 13408
1046 1048 1049 5033 5034
1047 1315 2474 5419 8906 11411
1050 2744 8420 8421 8422
1051 1052 2998
1053 3858 5425 5856 8139 11406 11409
1054 10340 10341
1055 2233 2234 3283 4523 6120 6202 7764 9770 10038 10092 12396 12558 14024
1056 2137 2572 3809 4161 4736 7932 9329 9330 11764 12261
1058 1059 1228 8718 8719 10652 12972 13640
1060 2673 2674 3535 3536 3537 3538 3810 3811 5169 7387 7388 7867 8045 9396 10992 12143 12285 13550
1068 2655 5652 5653 5654 12772
1069 4776 4827 4828 6338 8796
1085 1233 1486 1613 2019 2369 2370 2760 2761 3708
1091 1139 5303 5304 5305 5306 5307 5308 5309 6738 6770 6771 6772 6773 6774 6775 6778 6780 6782 8266 8267 8268 8269 8270 8271 8272 8273 8274 8275
1092 1788 1789 1822 1841 1856 3734 5469 8234 10423 12726
1093 1145 1146 7310 7359 9920 9921 14352
1094 1637 1638 3986 4829
1095 1096 1097 1098 3670 3729 3793 5223 5287 6557 6766 7010 7014 8847 9995 10520 11505 11875 12097 12098 12115 12760 13292
1099 1100 3528 5187 6578 12135 14830
1101 1874 2454 2683 3243 3376 3481 3654 3868 4127 4606 4607 4619 6913 7858 8702 9940 10407 10983 13937 13938
1104 1593 1756 3385 3386 3387 5012 5178 5179 5180 5900 5901 6217 7295 7544 8035 9453 9454 9455 9456 9457 9458 9459 9460 10055 10056 10057 10058 10059 10113 10114 10115 10143 10588 12565 13824 13825 13826 13827 13828 13829 13830 13831 13832 13833 13834 13835 13836 13837 13838 14608
1111 2725 2858 4366 4937 7693 7694 8130 10547 10957
1115 10154 10155 12978 13244
1119 2226 5447 6632 6862 14230
1120 1121 1782 4383 4764 5321 5322 5323 5324 7972 8358 9915 10491 10492 10493 10734 10735 13612 13864
1122 1123 1124 2824 3639 3640 3641 3642 3643 3644 4767 4770 5107 7060 8826 9637 12421 12422 12741 12927 13683
1125 1126 1478 1479 2202 2219 2220 2221 2269 2270 5008 5536 5537 5539 6669 6670 6671 6672 9776 11596 13253 14027 14028
1133 3949 3950 3951 3952 3953 4135 4136 4137 4618 5553 5722 13798
1135 1136 1137 1138 5144 5145 5626 7150 7466 8763 8825 10559 10872 10873 12042 12467 12985 13092 13093 14336 14488
1140 9726 9746 9747
1141 1142 1304 2320 2321 2322 4057 4058
1143 3434 3435 4113 4114 4401 4664 4926 5146 5833 7243 7349 10745 14032 14033
1144 1980 3484 11059 11300 12673 12908 12909 12910 12911 12912 12913 13546
1147 9246 11642
1151 5573 10178 10179 10180 10181 10182 10183 10184 10862
1154 1155 1156 1158 3738 3739 3740 3921 6079 6080 6081 7375 7453 10989 13492 13493
1157 5904 5905 11833
1161 13326 13327 13328 14151 14152 14153 14154 14155 14156 14157 14158 14159
1162 1163
1165 2110 3166 4174 5571 5600 5938 6375 6376 6377 6378 6600 7182 8981 8982 8983 8984 10598 10899 11099 12160 12264 12810 12811 14302
1170 1171 1513 3270 3271 3461 3770 3771 5298 13499
1173 1688 2416 11576 13939
1174 1175 2331 2742 4515 4517 7924
1176 1177 1179 1180 1181 1382 1428 1429 4709 5112 5113 6830 6951 6952 6953 7491 7492 7493 8022 8023 8574 8575 8860 10229 10283 10384 10536 10537 12917 12931 14642 14643
1182 3200 4247 4548 6815 10999 11092 12858
1183 11198
1185 1880 10628
1189 5037 5038 5039 6433 6434 8467 11035 14614
1194 2145 2146 2951 2952 2953 2954 2955 2956 2957 2958 2959 2960 2961 2962 2963 2964 2965 2966 2967 2968 2969 3816 3819 5577 5619 6244 6245 6246 6247 6248 6249 6250 6251 6252 6253 6254 6255 6256 6257 6258 6259 6260 6261 6262 6263 6264 6265 6266 6267 6268 6269 6270 6271 6272 6273 6274 6276 6277 6278 6283 6284 6285 6287 6288 6289 6290 6291 6293 6294 6296 6297 6298 6299 6300 7159 8079 8080 8081 8082 8565 8566 10091 10428 10568 10802 10803 11324 12186 12187 12188 12189 12190 12191 12225 12226 12227 12228 12623 12624 12625 12626 12627 12636 12779 14160 14613
1197 1322 1990 1991 1992 5214 7154 8175 8176 11277 11347 12075 12968 14077 14293 14641
1207 1556 1557 1558 1559 1560 1580 2212 3327 3558 4860 4861 5697 7115 7907 9822 9823 9824 10219 10640 10641 10978 11040 11500 11501 12112
1213 5665 11936 12027 12149 12299
1215 1216
1217 4898 4976 5562 5680 5681 6520 6521 8789 8926 8928 8929 13283 13284 13285 13334 13383 14308
1219 1772 1831 9534 10703 10704 14320
1222 1965 1966 1967 1968 1969 2171 2378 2653 4115 4116 4557 5791 6556 6811 8797 9344 9345 9438 9439 9440 10358 10608 11371 11766 12961 13904
1225 1227 4292 4294 5316 5317
1226 1715 1716 1717 1718 2143 3980 3981 3982 6013 10944 10946 14329 14404
1229 1230
1231 1232
1237 1238 1274 2058 3244 3245 7975 9647 9954
1239 8601 12430 12431 14048
1242 3353 3354 4485 10248
1254 2892 3730 3731 3732 3870 5003 6026 6027 6028 6029 6030 6031 6032 6033 6034 6035 6036 6037 6038 6039 6040 6041 6042 6043 6044 6045 6046 6047 6048 6049 6050 6051 6052 6053 6054 6055 6056 6956 6957 6958 6959 7457 7458 8800 8801 8802 8803 8804 8936 8937 8938 8939 8940 8941 8942 8943 8944 8945 8946 8947 8948 8949 8950 8951 8997 12153
1258 1259 1260 2163 3113 5444 5501 6235 12051
1262 1263 1264 2519 5048 5049 10609 10610 11838 13381 14840
1265 4651 9738 10969 11930 12806
1275 1277 1278 1279 8138 10104 10105 12454 13930
1276 1900 8625 9419 9541 10096 11017 11177 11178 11179 11180 11181 11182 11183 11184 11185 11186
1280 1281 1698 1699 2098 3366 3616 3617 4277 6812 7868 10054 14839
1294 4416 13156 13157 13158
1299 1300 2100 7007 9365 10337 13551
1302 6509 6510 8179 9816 9946 10791 12326 12327 13452 13453 13454 13616 13983
1306 1307 1308 1310 1311 1312 1313 1314
1320 8517 11489 11499 11791 14458
1321 3069 5628 5629 5630 5631 6980 6985 6986 12783 14418
1323 1324 1368 1817 1979 2489 2677 2678 2806 2820 2821 2822 3130 3131 3132 4464 4465 4614 4615 4912 4933 5450 5542 5543 5909 6237 6238 6280 6349 6528 6541 6548 6549 6550 6551 6575 6576 6606 6693 7337 7338 7521 7522 7523 7524 8344 8381 8549 8641 9684 9944 9945 10467 10468 10851 10852 10883 10884 11392 11688 11758 11816 12793 12794 12795 13347 13660 13661
1336 3702 4811 5138 5360 5362 6173 6435 6436 6437 6438 6439 6440 6441 6442 6443 6444 6445 6446 6447 6448 6449 6450 6451 6452 6453 6454 6455 6456 6457 6458 6459 6460 6629 6630 6631 6638 7817 7818 8219 8360 8361 8362 8363 8364 8365 11225 11226 12171 12172 12173 12635
1342 5729
1343 8207 9117 10267
1344 1345 1346 2715 5006 6322 6323 9377 9378 13481 13717 13792 13793
1347 1348 1349 1350 3488 3489 5627 7019 7020 7151 9530 10762 11201 12170 13718
1351 2235 8070 8071 8073 8246 9916 9917 9918 9919
1352 1354 1355 2520 2521 6871 7459 9393
1358 2599 4833 5320 5940 5941 5942 5943 8285 8286 8287 8288 8289 8290 10168 10415 10667 10668 10669 10670 10671 10672 10673 10752
1359 2629 2631 3129 4232 4233 4234 6979 6981 6983 7967 8170 8609 10450 10451 11336 11337 11338 11339 11340 12052 12971 13488 14142
1365 1366 2092 2777 3555 3931 5160 5161 11472 11473 11474 11475
1367 5756 6394 6977 11285 11286
1370 1586 1960 1997 1998 1999 2688 2690 3312 3314 3315 3316 3317 3318 3319 3320 3322 3690 3691 3692 3693 3694 3695 3696 3698 3699 3701 3703 3704 3705 3706 4122 4123 4124 4125 4331 4332 4333 4334 4335 4336 4337 6307 6308 6373 6989 7116 7117 7119 7120 7300 7301 8532 8729 9573 9574 10728 12343 12550 13345 13346 14231 14232 14233 14234 14235 14236 14237 14248 14334
1379 2449 2450 2452 2453 2458 2942 3794 3795 3796 3935 4248 5735 7886 8245 8492 8887 8888 9069 11440 12321 12798 13003 14146 14295 14832
1384 3110 4385 5526 5837 5843 5844 7192 7287 9817 9818 10233
1385 1386 1387 5679 9531 9532 10501 12930 14224 14245
1389 5498
1391 1392 1393 1394 1395 1396 1397 3709 3710 4192 4612 4613 5868 5989 5990 5991 8380 10840 10896 12756 12767 12962 12963 13368 13675 14430 14431 14648 14649 14650
1398 2243 4142 4594 4803 5930 8564 8704 8710 8916 8917 10027 10086 10088 10089 10831 12015 12016 12017 12018 12059 12474 12475 13066 13083 13084 13845 14022 14023 14221 14842 14843 14844 14845
1399 4076 4077 4078
1406 1407 1549 4206 4207 4721 7260 7261 9394 9395 11926 12345 12392
1409 5691 7843 7844 9053 10576 11110 11111
1410 3420 3422 5396 9337 9338 10266 10268 11199 11937
1416 1417 3547 4120 5392 11058
1419 3139 4199 4705 4706 4707 4708 7330 10388 10860 11679 12238 12239
1422 2271 5591 14561 14562 14563 14564
1430 1431 1432 1764 1766 3313 3758 3759 5055 5728 5903 6723 6841 7329 7451 7510 8548 8686 10262 10453 11129 11130 11131 11132 11614 12092 12093 12698 12766 13215
1434 1673 1674 1741 3336 3467 3892 4762 4844 4964 6539 6858 7838 8061 8062 8221 8222 8223 8727 8728 8856 10303 10544 11452 11585 13588 13589 13590 13592 14052 14053 14054 14055 14056 14612
1435 4149
1436 1497 2398 2937 2938 2939 3162 4280 4282 4400 4745 5133 5134 5135 5136 5137 5572 7025 7026 7165 7751 8044 8610 9317 9515 10580 11659 12053 12342 14074 14075
1440 2078 2158 2159 2508 3929 5156 5295 5296 7101 8567 9815 12554
1444 1489 3894 3896 4172 9060 9061 9062 9957 11377 11378 11379 11380
1446 1447 2616 13818
1454 1916 1917 1918 1919 2007 2443 2613 3146 4535 4536 5030 5103 5104 6940 8687 12695 12696 13075 13639 14297
1455 1456 1459 3844 4725 6490 11077 11078 11079 11080 11624
1457 1458 1962
1474 3530 3531
1481 3205 3296 7469 9425 9426 9427 10323 10440
1483 2088 2089 4648 5937 8244 10324
1484 2654 3469 3470 7047 7048 7794 7795 8088 8187 8986
1487 3542 4357 5495 7158 7364 9391 10247 12023 12509 13815 13816 13817
1488 9183 10099 10100
1490 3342 10958
1492 1494 1735 3924 3925 3926 3927 7816 8341 9121 10163 10364 10459 10460 11060 11657 11658 11862 11863
1498 1499 1500 1501 3242 3285 4042 4043 10853 11119 11120
1507 1508 1626
1509 1510 3306 9435
1514 1975 1976 1977 1978 5567 7790 8171 10362 13198 14338 14339 14405
1515 1733 2464
1517 1518 1519 2444 2445 2446 7121 7122 7123 8168 8473 9024 10429 10430 10431 10432 10433 13557 13558 13559 13560 13561 13562 13563 14213 14214
1525 1527 3749 4157 4575 4576
1533 2003 8166 8167 9242 11328 11329 12012 12469 13216 13877
1565 4672 6121 11151 11152 12984
1570 1571 4308 4309 5071 10350 10351
1573 7168 7169 7170 7171 7172 7173 7174 7175 7176 7177 7178
1574 1575 7528 8535 9100 10725 12514 12650 12784
1577 7456 10569 12880 12881
1581 1582 1583 10903 10904 10979
1584 3581 3582 3801 3802 4666 4982 5504 6650 6651 6721 7263 7264 7933 7934 7935 8331 8693 8836 9177 9717 10710 10776 11453 11454 11866 14489 14490 14491 14492
1591 1907 1908 1909 1910 1911 2393 2775 4152 4459 4534 4862 4863 4864 5993 6624 6625 6939 7839 10555 10638 13294
1592 1599 1755
1595 1596 1734 4989 5389 5639 6636 8905 11032
1601 1602 1603 3468 5799 7721 10177 14381
1609 1610 1611 1612 2094 2575 2648 4160 4479 8886 9591 10278 11870 12856
1615 1616 1617 1618 4850 4851 4853 4856 6680 8354 9311 9593 9805 10631 11935
1621 1622 14778
1632 2487 3596 3597 4471 4472 6358 8545 10036 10947 11289 12038 12039 14591 14791 14792 14793 14794 14795 14796
1633 1634 1635 12563 13987
1636 2932 5079
1640 1641 1642 4099
1647 1648 1649 5783 6716 14172 14678
1655 1656 4603
1657 2255 2256 2258 6078 6699 6700 6962 6963 10331 13264 13265 13266 13968 13969
1658 1707 4414 6070 6730 6731 7078 7475 7476 10484 10575 11886 12134 12878 12879 13164 13278
1659 1660 2515 9007 10744 11100 11516 13300 14228
1662 4281 7389
1665 4741 4742 4743 6363 6364 10456 10457 10458 12999 14806 14807
1689 1690 1691 2471 2472 4048 4049 5854 6073 9371
1692 1693 1694 1695 1924 1925 2300 2301 7587 8122 11310 12490 13674
1708 1709 1710 4360 4616 4617 5644 5645 6634 6635 7277 10650 10651 10696 10697 10705 11633 11634 11993 12037 12503 12504 12505 12506 12507 12508 12686 13120 13307 13503 14788
1711 1712 7939
1742 2615 7619 14774 14775 14776 14777
1747 1748 1749 1750 1869 3817 4650 6702 6703 6704 6705 6765 7908 7909 7910 7911 7912 7913 7914 7915 8188 8189 8190 11055 11114 11823 12397 14162
1751 1752 1753 1754
1760 1761 1762 4484 5388 5906 5907 8749 8750 8764 11441 11442 11443 12417 12418 12830 12831 12832 12928 14294 14695 14696 14697 14698
1763 5448 5449
1767 1768 3048 3610 12792 14677
1777 1779 1780 1781 3019 3021 3124 3125 6928 12024 12025 12026
1784 2429 2869 7336 10037
1785 4030 4688 6825 6843 9514 14021 14429
1786 11363 13396
1794 3720 3721 9639 11241 11242 11243
1798 6311 6544 6868
1799 1800 1801 3750 3751 3803 7494 7495 7496 9538 9539 10747 10748 11487 11672 11895 12845 12846 12847 13853 14078 14631
1802 5076 5077 5078 5080 5081 7303 7304 7305 7306 13856 13857
1803 11817 11818 11819 11820
1805 1806 1807 1808 3843 11299 11301 11302 13865 13866
1811 1884 1885 1886 1887 3104 3593 4305 6473 6474 10694
1812 1813 2675 2906
1815 1816 4098
1818 1819 1820 1821 1829 1830 6370 8722 8723 8724 8787 9806 11444 11445
1842 2571 7745 8253 11649
1844 3241 4545 5229 6128 7891 12492 12827 12828 12829 13504
1846 1847 6633 8848 12796 13002
1861 8240 8241 8242 9305 9306 9307 10794
1864 2765 3196 3512 3513 3515 5061 5062 5151 5152 5153 6964 7448 7600 7945 12311 14455
1868 5141 12715
1870 2945
1871 1872 2713 4752 4831 6792 6856 7562 7563 7564 7565 7566
1873 1937 1938 3876 3877
1877 9342 12777 13594
1881 1882 1883 4532 4533 11872
1891 1892 1893 3328 5470 10972
1894 2497 2498 2499 4720 7616 10521 11890 13631
1895 2121 2122 2888 3055 3182 3183 4552 4812 5669 5699 6402 7041 7042 7043 7106 7107 7601 7973 8528 10464 10465 10522 11372 13077 13170 13184 13186 13746 14600 14601
1898 1899 9910 9911 13997
1902 9769 11821
1923 2306 2307 2308 8895 9891 12121 12975
1929 5445 5446 9006 10660 13731
1933 1934 1936
1935 2103 2105 5638 7006 7864 8898 9368 9369 10574 11711 13670
1939 1940 6008 8375 12472 13279 13280 13281 13282 14113 14370
1942 5724 5725 6351 13071 13201
1950 1951 10427 10835 10836 12994
1956 2537 3059 4390 5325 5326 5327 9040 11551 11956 11957 12229 12515 12516
1957 1958 2636 3212 4325 4326 4327 4328 4866 6712 7197 9078 9397 9398 10815 10816 11196 11389 12234 12351 12552 14147 14148
1964 5873 5874 5875 5876 8604 8605 8606 8607 9411 9412 9712 9713 10313
1970 2353 2355 3889 3905 6357 7784 7785 10363 10577 11284 12581
1984 10964 14143
1985 6395 6396 6397 12495 13580 13581 14347 14348 14351 14538
1993 3310 4711 4712 7270 10649 13107 14280
2002 2129 2130 2133 2505 3812 4066 4080 4486 5379 8882 9512 11246 14135 14136 14218 14219
2004 3236 3311 4131 4297 4715 5385 6462 6463 7931 8578 10701 14163 14298 14299
2008 2009 2682 3523 3911 3912 4520 10483 10974 14150
2010 9449 9989 11840 14088
2017 6601 8644 8645 8646 8874
2021 2620 2621 2948 3187 4302 6302 10990 11386 11387 12312 12313 12314 14304
2022 2023 4928 6639 7639 8069 9670 12435 12539 14786
2032 2033 2035 9518
2034 13344 13523
2036 2037 2295 2296 11903
2050 2051 3054 3442
2075 2222 2268 4087 4088 6059 6482 7200 7201 7233 7234 9537 10700 11458 11462 12138 12336 12721 14318
2082 3340 5977 8128 8129 8247 8248 8457 8458 13250
2090 2091 2229 2340 12672
2099 2657 2658 3072 11403
2106 2150 4555 4627 5633 5634 6844 6845 10596 10597 11027 14580 14581
2107 2108 2109 2111 3746 3748 4166 4167 4168 4169 9529 9679 10878 13006
2112 2439 2440 2823 2825 5044 6403 7836 8185 8186 8339 9072 9810 9811 10156 10157 11115 11116 12496 13210 13211 14311 14619 14620
2113 2114 2115 2116 2117 2119
2118 6203 6623 6860 6861 6936 6937 9636 10907 11605 11606 12988 14632
2120 3169 7573 7574 7575 7577 8161 8162 8163 8164 8165 9790 9850 9851 10471 10472 10886 10887 10888 10889 12099 12937 13713 13714
2123 2124 2125 2126 2127 2177 2180 2436 2437 2676 2808 2809 2818 2819 3116 3295 4219 4220 5690 5882 5897 5898 7820 7845 7983 8563 8658 8659 8993 9327 9819 9943 10251 10252 10581 10582 11552 11654 11655 12165 12293 12446 12447 12448 12561 13439 13982 14340
2132 2640 2769 3436 5164 5668 7695
2136 5310 5311 8911 9422 10011 10012 11586 11587 11588 11590 11591 11592 11593 11594 11595 12987 14095 14096 14097
2140 4118 5336 7759 7786 7787 8626 9008 12047 12048 12049 13679
2141 2142 2699 2700 2905 3066 4296 7203 7204 7205 9993 10275 10276 10277 11894 11994 11995 12778
2144 3679 3680 4478 7880 8433 10250 12176 12177 13236
2153 2251 3115 3741 4430 4934 4935 5177 5871 8192 8193 8194 8195 8398 8515 8959 10249 14692
2156 2157 3575 6605
2165 7905 9038 13676 13677
2168 5040 5733 5734 9141 13128 13129 13542 14060
2181 2182 8123 8124 9387 9600 12163 12241 13359 14086
2185 2186 2187 2188
2189 2190 2191 2192 2193 2194 2195 2196 2197 2292 2293 3848 10107 10108 10109 13151 13152 14428
2204 2224 2264 2979 3991 4489 7099 7746 8055
2208 5862 7738 9406
2216 2217
2227 2228
2236 2540 2851 2852 2854 2855 4073 4074 4075 5530 6009 9863 11967 11968 11969 11970 11971
2247 2248 2249 2250 13682
2252 6783 7186 8209 9784 9785 10305
2259 6701 13348
2261 2262 2263 6124 6125 13732
2288 2289 2291 2421 2423
2290 11465 11466
2297 2298 2299 8409 8410
2309 2310 8901
2311 2312 2399 3902 5222 5855 6428 6431 6432 11280 11714 14296
2313 2314 2315 2316 7252 7592 13161
2317 2318 2319 6418 7594 9109 9587
2323 2324 2325 2326 2327 2328 2329 2330 4420 5209 5210 8671 8672 9376 9667 9668 9669
2333 5384
2335 3114 4317 4318 5932 7481 8236 13762 13763
2344 4952 7231 7288 7289 7340 12498 12742 13477 14129 14756
2348 2349 2351 2428 2617 2618 3516 4148 4316 4343 4344 4345 4346 4347 4353 4354 4647 4868 4869 4877 4917 4918 4927 4930 4931 4945 4947 4948 5267 5464 5465 5790 5839 5840 5841 5842 7665 9189 9190 9952 10050 10486 10890 10891 10902 11753 13091 13195 13196 13197 14205 14273 14675
2356 4394 5879 7302 8208 8212 8213 8214 8215 8216 8276 8277 8338 10587 11451 11509 13409 13410 14263 14279 14819
2357 2358 13990 13991 13993 14388
2371 6082 6464 6465 6466 10253 11042 11667 11798 11799 11800
2372 2376 2379 2380 2381
2373 7193 7194 7195 7196 7470 7552 9254 9255 9256 11412 12322 12323 12780 13846 13847
2375 2605 5834 7141
2385 4943 4944 7615 14623
2390 11303 11304 11305 14609
2391 4714 5292 5293 5294 10246 12925
2402 2403 12477
2404 2405 2406
2409 2410
2413 4182 8006 8007 13276 13277 13787
2414 2795 4238 4239 4240 4241 4242 8978 9328 9384 9947 14134
2417 2418 2987 2988 4417 4418 4419 5183 5184 5185 5186 8419 8465 12497 12890 12891
2422 5662 5663
2424 2425 2426 5523 5524 6199 6200 6201 8927 8977 10370 10661 10662 10663 11084 11190 11191 11931 12270 12286 12287 12393 13950 14624
2441 2507 2552 4081 4082 4083 4084 4085 4086 4101 4102 4103 4104 4468 4469 4470 4538 4541 4542 5219 6408 6617 6984 7027 8031 8226 8250 8385 9349 9350 9351 10152 10879 11779 11829 12842 13254 13638 14362 14363
2447 2448 3151 3152 7477 7478 7479 8972 8973 12338 12339
2455 2456 8752 14763
2466 2467 3153 4053 4054 4055 5635 5636 6555 14730
2468 2667 3853 4629 6074 7012 12462
2475 2476 3854
2477 2478 4355 9967 11868
2494 2614 4221 7793 8126 8127 11156
2495 9683 10316 14357 14358
2503 2504 6832 7678 7679 8821 9058 12455
2516 2517 2518 8177 8178 10807 10808 10809
2534 4577 10270 10271
2535 2557 2558 2559 2560 2717 5233 6627 13449
2554 2555 2556 5004 7617 13862 14168
2567 2568 4450 4846 5020 6813 6814 9744 10422
2581 2582 5787 6111
2584 3080 3658 9781 14733
2585 3248 10369 12076
2602 5693 5694 5695 5696 14116 14117
2603 3410 3411 3412 5726 6602 6603 8794 8809 9476 9749 10426 14682 14814
2606 5778 7235 8587 8588 9832 9834 10550
2622 2623 5950
2624 5711 9420 9421 10713
2626 4997 4998 11391
2628 2630 2633 2634 2635 3003 3004 3007 3008 3009 3012 4392 9673 9674
2644 10167
2645 3193 3194 13685
2647 7649 7651 7653 7654
2659 14181
2661 2663 4194 6426 9282 9283 9653 11210 11696 11697 11698 13150 14275
2662 9251 11413 13397 14406
2664 2708 3343 3344 3345 5073 5106 5108 5109 6083 6092 6093 9601 9602 9603 9604 9605 13482 13498
2666 13153
2679 6611 6648 6649 8084 10304 10393 11828
2686 10310 10311 10454 10543 11769 11790 13018 13019 13020
2689 9577 10021 13103 13200 13618
2691 2692 7298 7299
2694 2695 8600 12178 12182 12183 12184
2701 2702 2703 2936 6177 7419 7420 7421 7422 7423 7424 7425 7426 7427 7428 7429 7430 7431 7432 7433 7434 7435 7436 7437 7438 7861 7862 7878 7879 10296 10297 12406 12407 12408 12409 12410 12411 12412 12413 12414 13705 13706 13707 13708 13709 13710 14411
2706 4635 5805 5806 5807 5808 5809 6024 6025 7655 7656 14225 14226 14227
2707 14423
2749 3766 3767 3768 3769 7892 10718 10719 13013 13022
2752 2754 2755 2756 2757 4143
2753 6525 8703 8705 8706 8707 8708 8709
2758 2759 3181 14779
2762 2763 4800 5880 5881 6598 8751 9468 14333 14367
2776 3015
2780 2781 5558 5933 7804 7805 7806 9135 9136 9137 10679 11813 11814 12288 12289 12290 12433 13428 14714 14747 14748 14749 14750 14751 14752 14753 14754
2785 3864 4810 9848 9849 10523
2792 2793 9287 14349
2796 3067 11306 11307
2797 2798 2799 6793 11604 11745 12265 12266 12267 13686
2801 2802 6354 6355
2803 2804 2805 6421 6422 13149 14376
2827 2828 2829 7447 13927 14051
2836 2837 2838
2839 2840 2841 2850 4041 6877 7307 12301 13418
2842 4602 8282 8283 10606
2843 2844 2845
2847 3074 3075 7588 9892 10563 10564 12712 12713
2848 2849 5659 5660 5661 10546 10621 10622 10623
2856 2857 7002
2859 5221 5850 11404
2878 2879 2880 2881 5283 12657
2882 2883 2884 2885 2886 11493
2887 4986 4987 13869
2902 4798 9085 9642 9643 10084 12035 13489
2915 3898 4726 5286 9417 14575
2916 3482 3483 4659 4661 4662 4663 4667
2929 3979 5451 7940 9018 9019
2933 3599 3600 6817 6818 6819 10209 11988 13655 13656
2934 2935 8261 8264 8642 10959 10960 11637 11638 11639 11640 11641 13445 14566
2972 3909 4593 4595 4598 4599 4600 4601 7410 7412 8125
2973 3258 3259 3260 3261 3646 3647 5338 5992 6076 7866 8673 9766
2980 5847 5848 5849
2981 2982 2983 2984 3304 3735 8697 8961 10379 12147 12148 12869 12870 13360
2985 3413 5397 10308
2990 6767 13487
2994 4870 4871 4872 12058 13440 13441 13880 13881 13882 14037
3001 3002 3602 4476 4477 4492 4584 5570 5994 6965 8613 8614 8615 8616 8617 8618 8619 8620 8621 8622 8880 8881 10146 10839 10895 13751 13752 14835
3013 3014 12319
3016 4681 11089 11090 11091 13681 14356
3039 9561 9562 9563 9564 9565 9566 9567 9568 9569 9570 9571 9572 11619 11620 11621 12054 12055 12056 12074 14093 14094
3040 3041 3550 3569 3806 3807 3808 5721 6513 8547 11743 11744 12699
3060 3061 3063
3081 3082 8894 14222
3087 3088 5411 5412 8401
3089 5422 5423 10571 11713 12855
3092 3093 3094 4766 8411 8412 8668 9657
3095 3097 3098 3099
3102 11921 11922 11923 11924 12921
3103 5202 5919 6800
3105 3106 8930 11859
3118 3119 3120 4727 5007 7198 8859 9441 10592 13883
3135 3136 3138 3140 3142 3143 3145
3137 10763 11227
3144 12797 12799 12800
3154 3524 8345 8466 11157
3158 4033 8875 13575 13576 13577 13578 13579
3167 4079 4793 5328 5737 6554 6596 6597 8500 8501 10449 10908 13420 13421
3170 5139 5140 6333 7049 8021 10169
3171 3173 4919 4985 10441 11088 12518 12519 14076
3175 3176 3177 3178 11550 13552
3184 4578 6512 10116 10117 10118 10119 10120 10121 10122 10131 10139 10477
3188 3189 3473 3474 4393 6599 7980 8278 8873 8876 8877 9092 9783 11122 14353
3191 3192 3329 12665
3195 3429 4141 4544 4670 4728 5578 5579 5580 7155 8074 8786 8963 10647 11457 13230 13412 13413 13839
3198 3448 7030 9804 10162 10286
3201 3202 3203 3204 3379 3540 9607 9608 11651 11653 12648 12649 13076 14715
3206 3207 3208 4006 4007
3211 7328
3221 3222 3223 7075 8313 10416 10417 10759 10885 12262 14410
3235 4456 4457 4458 5238 6690 6691 6784 7919 7920 7921 10207 10208 10714 10715 10716
3239 3240 5352 7630 12060 12061 13887 13888
3246 3247
3263 3264 3632 3772 3773 4445 7283 9181 9182 10258 10259
3273 3274 5438 13203 14309
3275 4516 7239 8220 10213
3276 3277 7798 7799 9084 9096 9097 10549 12030
3280 3281 3282 3526 3855 3856 8415 10572 10573 10790
3286 4631 4632 4633 12887
3287 7989 13671 13672
3289 9133 10375 10376 10377 10378 14713
3307 8477 8478 8479 8480 8481 8482 8483 8484 8485 8486 8487 8488 8489
3331 3332 3333 3334 3335 3635 3636 7146 9753 10727 11326 11955 13298
3339 3765 5456 6467 7401 9407 9408 9409 9506 9507 9508 9509 9996 9997 9998 11737 12019 12020 12036 12320 12833 12834 12835 12836 13080 13081 13082 13711 13712
3346 3347 3348 3349 3350 3351 3352 3365 10034 10224 11346
3355 3357 3358 3359 3360 3361 3362 3363 3452 3453 3454 3455 3457 3458 3459 4755 6722 6931 7063 7064 7065 7335 7404 7405 7406 7696 7697 7698 7777 8459 10743 11000 11350 11351 11352 11558 11559 11560 11561 13109 13391 14131 14132 14355 14764
3356 11275
3373 3374
3377 3378
3380 3381 3382 10630 13144
3396 6944 6945 9388 11941 11972 11973 11974 11975 11976 11977 11978 11979 11985
3399 5124 7439 7590 7842 8980
3404 5252 5253 5254 5255 5256 5257 5258 5259 5260 10359 10360 10361 11768 14569 14570
3415 3416 4112 4609 7029 7050 14243
3424 3425 6023 8316 13356
3430 3431 3432 3433 13917 13919
3441 4879 9626 9627 9628 9629 9630 9631 9632 9633 9634 9635 10189 11541 11542 14014 14015 14016 14017 14018
3449 3450 3451 4093 6621 6622 8342 9782 9854 10980 10981 10982 12773 13073 13444 13910 13911 13912 13913 13914 13958 13959 13960 13961 13962 13963 13964 13965 13966 14081 14082 14083 14119 14120 14121 14122 14123 14345 14346 14365 14366
3456 3590 3591 4222 6295 7062 7202 10863 11033 11589 12297 12355 12356 12357 12358 12359 12360 12361 12362 12363 12364 12365 12366 12367 12368 12369 12370 12371 12372 12373 12374 12375 12376 12377 12378 12379 12380 12381 12382 12383 12384 12385 12386 12387 12388 13386
3463 3464 3465
3471 3472 5689 10256 10257
3479 3480 11400 11401 11402 13859
3490 3491 3492 7982
3493 4686 4687 5045 5046 5047 5671 7105 8447 8583 8584 8585 9119 10722 11652 12734
3498 3500 7633 7634 7635
3504 3743 4597 4730 4731 4932 5373 5374 5650 7378 8921 8922 8932 10926 10927 10928 11016 11020 11946 11947 11948 12935 12936 13308 13309 13310 13495 13678
3514 4624 4625 4626 5895 5896 12775 12776
3521 3522 3609 5892 5893 5894 10674 10675 10676 10952 10953
3532 8386 9652 10799 10800 11113
3539 4011 4012 4013
3543 5114 7358 7995 7996 7997 7998 7999 8000 8001 8002 9703
3548 3549 3700 4203 4204 5472 5473 5474 5475 5476 5477 5478 5479 5480 5481 5482 5483 5484 5485 5486 5487 5488 5958 6171 6189 6479 6480 6481 7367 7368 8350 8351 8352 9428 9429 9430 9431 9432 9433 9434 10110 13228 13229 13459 13460 13461 13462 13463 13464 13465 13466 13467 13468 13469 13470 13471 13472 13473 13474 13475 13476 14587
3552 4623 10147
3559 7976 13332 13333
3560 3561 3562 3563 3565 3566 3568 6653
3564 11491 11787 12145 12146 12344
3570 6224 6343
3573 3574 3638 3977 3978 10805 10901 11394 11395 11396 11598 12540 12541 12542 12543 12544 12545 12546 12547 12548
3576 3672 3673 5511 5512
3578 4100 5632 7247 7248 7249 7369 8444 13329 13394 13395 13860
3580 12438 14108 14109
3584 4025 4068 4096 4097 5593
3589 4338 4339
3605 7348
3606 3607 3608 3620 8197 8198 13500 13501 13782
3645 12400 12401
3655 3656 4265 5110 12536 12537 13759
3657 13929
3660 14724
3661 3663 4787 4788
3664 11407 12128 12129 12888 14729 14732
3666 3667 9370 14731
3681 3682 3683 3685 3686 3688 3755 3814 3974 3975 3976 8753 8758 12080 13970 14767 14768 14769 14770
3684 9442 9444 9688 9690 9691 9692
3687 8550 8551 8553 8554 8555 8557 8558 8559 8730 8731 8732 8735 8736 13632 13813
3707 4782 4791 4792 4794 4795 4796 4797 4799 9026 11792 11793 11794 11795 11796 11797 11892 11893
3736 7331 7332 8844 10028 11836 11837 14264 14265 14266 14267 14268 14269
3747 5870 12466 13431 13432
3760 3872 3873 4527 5380 5798 9279 9318 9956 12639 13940 13941 13942 13943
3764 9230 9231 9232
3774 3797 3866 3867 6717 6872 6878 8284 12450 12823
3777 3779 9332 10994
3778 10846
3780 8651 8878 9225 9958 10226 11681
3781 3782
3783 5853 9680 9681 9682 10357 10446
3792 5111 9576
3815 4751 4852 6694 6695 6696 6697 8602 9866 9867 9868 9870 9871 9872 9873 9874 9875 9876 9877 9879 9880 9881 9882 9883 9884 9886 9887 11803 12564
3818 4878 4881 4882 4883 4884 4887 4888 4889 4890 4891 4892 4893 4895 4896 4899 4902 4903 4904 4905 4906 4908
3824 3825 3826 3827 3828 3829 3830 3831 3832 3833 3834 3835
3837 4842 4843 6225 11171
3840 3841 3842 4880 4894 4897 5910 6604 12945
3850 5545 7855 7857
3860 3861 3862 3863 4276 4287 9187 9188 9245 12014 14220 14576
3871 8135 8136 8137
3882 3883 3884 4658 5281 5282 5346 6833 6834 6914 6915 6918 6919 7642 9012 9013 9014 9015 9016 9017 10045 10046 10047 10048 10049 11506 11507 11510 11511 11512 11842 13437 13438 13633 14312
3907 11257 12684 12685
3908 5822 5823
3910 12517 14026
3913 3914 3965 3967 5244 5245 7977 7978 7979 8063 8064 8440 9059
3938 5788
3948 6014 6015
3955 3956 3957 3958
3964 4588 5648 5649 5784
3969 3987 3988 10892 12770 12771
3970 5497 10629
3971 7053 7054 7055 7529 8862 10136 10137 10749 11625 11626 13295 14588
3984 10234 10237 10238 10239 10243 10244 10245 12749
3989 5773 12040 12041 12428 12429 13267 13268 13269
3994 4272 12722
3995 6666 6667 6668 9346 9347 9809 10020 10112 10273 10274 10793 13775 14250 14251
4000 4002 4004 4005
4001 4003 6991 6992 6993 6994 6995 6996
4010 4249 4252 8279 10961 10962 11168 13497
4018 4019 4020 4021 4314 4315
4039 4040
4045 4047 8666 9901 10111 14180
4059 4060 8678 13936
4065 4298 4299 5279 5280 13173
4067 10585 11360 11361 14241
4069 4582 8452 13414
4105 4106 4107 6794 9082 10293
4111 5996 6917 9153 9154 9535 9536 14571
4117 11161 14672 14673 14761
4119 11298
4121 5117 5118 11597 12814
4128 12271 12272 12273 12274 12275 12276 12277 12279 12280 12281 12282 12283
4144 4147 4748 9147 13486
4145 4146 6331 8348 8349 9786 14128
4158 7652 8546
4159 5126 6310 10093 10094 11464
4162 4254 4649 6929 6930 7782 7783 9807 13181
4170 8321 8322 8323 10394
4171 7993 7994 8032 8552 9390 9392 10931 13786 14118
4179 4180 4181 6226 6227 6228 6229 6230 6231 7837 8029 8474 8475 8933 9089 9101 9845 9846 12083 12992 13305 13434 14319 14472
4187 9132 10013 10014 10015 12166 13915
4193 4195 11021
4200 6494 6496 6497 6498 6504 7102 7103 12644 12645 12646 13952 13953 13954 13955 13956
4201 4202 5712 8004 8987 8988 9105 12802 13384
4212 4213 4384 4524 4668 4669 9611 9612
4224 7253 13404 13405 13406 14799
4227 4228 4229 12882
4235 4236 4237 6974 6975 6976 7318 7517 10560 11331 12574 12575
4245 7089 9558
4253 4255 4256 4257 4258 4259 4260 4261 4262 4263 4266 4268 4270
4269 4716 5568 5569 7379 7380 10201 11738 13202
4273 4274 4275 7869 7870 8087 11124 11125
4293 4925 5031 5646 5647 5957 7703 7704 8525 8861 11774 12169 14007
4310 5069 7471 9609 12774 14079 14080
4319 4320 4321 4322 4805
4323 4324 4753 4921 5129 5130
4350 4351 13015
4358 4359 8254 8255 8256
4372 4373 4374 4375 4376 8008 13376 13377
4396 8869
4404 8120 8121 9710 9711
4412 4413
4428 6529 6530 6552 6553
4451 4452 14359
4455 6580 6581 14573
4482 10498 10499
4496 8470 14253 14254 14255 14256 14257 14258 14259 14260 14261 14270 14271 14272 14274 14287 14288
4512 5165 6546 10607 11288
4513 7127 7128
4514 7290 9585 9622 13484 13485
4525 4526 6303 6304
4537 7157 7246 9540 9556 10075
4540 10003 10004 10006 10010 10170 10171 10172 11008 14668 14669 14670
4546 4579
4551 4553 4554 4556
4560 4561 4562 4563 6319 6320 6954 8561 8562 12809
4564 5585 11888 12335 14330
4610 5590 5592 7072 10287 10951 11160 14070 14071 14482 14483
4620 4621 4622 13224 13225 13226 13227 14144
4641 6972 6973 7936 11858
4642 4643 4644 4645 5810 9748
4657 5094 5098 5434 5490 5675 5920 6084 6085 6086 6088 6136 6279 6486 6487 6488 6493 6495 7199 7567 7568 9856 10211 10272 11483 12043 12174 12538 12916 13992 14149
4682 4683 4684 4685 9358 9359 9360 10965 10966 10967 13399 13424 13998 13999 14000 14001 14002 14003 14004 14005 14006 14505 14506 14507 14508 14509 14510 14511 14512 14513 14514 14515 14516 14517 14518 14519 14520 14521 14522 14523 14524 14525 14526 14527 14528 14529 14530 14531 14532 14533 14534 14535
4692 10335 12255
4693 4694 4695 4696 4697 4698 4699 4700 4701
4713 5817 5818 5819 5820 8041 8042 8654 8655 8657 8852 11781 12562
4722 4723 4724 8962 9252 12555 12556 14061 14712
4747 4749 4750 5247 5248 5249 10934 10935 10936 10937
4759 4760
4768 7144 7644 7645 9704 9705 11397 12442
4769 7765 7766 7767 7768 7769 7770 7771 7772 7773 7774 7775
4783 4784 4785 11296 11297 12815 12816 12817 12818 12819 12820 13017
4806 4807
4808 4809 5753 5754 7712 11416 11417 14565
4813 11208 11209 11695 11830 11831 11832 13668 14466
4817 4818 4819 11085
4825 10562
4847 4848 4849 6982 7928 7929 9037 11076 11645 14401
4854 4857 8864 9223 9224 9340 12436 13571
4858 4859 12217 12218 14586
4873 4874 5705 6970 13889
4886 8291 8292 8293 8294 8295 8296 8297 8298 8299 8300 8301 8302 8303 8304 8305 8306 8307 8308 8309 8310 8311 14390 14391 14392 14393 14394 14395 14396 14397 14398 14399 14400
4900 14200 14201 14202 14203 14204
4907 9502
4955 4956 4957 5641 5642 5643
4958 4959
4966 4967 4968 4969 4970 4971 4981 6282 6560 7237 9341 10868 11513 11514 11515 11784 11987
4972 4973 4974 4978 7354 7690 12423 14621
4983 5640
4991 4992 4993 7927 11005
5009 5010 5698 6305 11133 11134 11135 11136 11891
5013 5234 6089 7334 7761 10787 11315 11316 14615
5018 6113 7004 7005
5024 5025 5026 5027 6582 8907
5032 7449 7450 9106 9107 11217 11218 13171
5042 5043 7240 7241 7326 9087 10412 10413 12294 12295 12296 12300 12862 12863 12864 14011 14012 14013
5057 5058 5059 5060
5067 11237 14328
5088 5089 5090 5091 7981 12175 12728 12729 13318 13319 13320 14592
5122 5123 11928
5148 5149 5150 5170 5171 6820 10132
5157 5158 5159 7017 7018
5174 5175 7607
5176 5912 5913 5914 8262 8263 8680 8681 12929 13874
5181 5182 11750 11751
5188 5189 11628 11629 11958 11959
5200 5201 5846
5212 5213 13907
5230 5432 6826
5235 7187 7500 8560 9586 10591 13703 14008
5261 5262 5263 5264 5266 5290 5291
5268 5269
5271 5272 5273 5274 5275 7723 11043 11044
5276 11691 11692
5277 5278 5546 5890 5891 8701 8966 10452 10991 12419 12551 12825 13177 13252 13274 14206 14207 14476 14802 14803 14804
5285 7699 7700 7701 7702 8182 8183 8184 9912 11917 12337 13545
5288 5289 6590 11770
5299 8815 8816 8817 8818 10200 12932
5315 13114 14811 14812
5329 5330 5331 5332
5344 5345 6978 11188 11189
5375 5376 5944 7801 11362
5390 5391 11245
5402 5403
5416 5417 5984 13008 13009 13010 13011 13012
5428 5429 5430
5440 8777 9771 9772 9773
5442 8336
5452 7044 7045 8835
5453 5454 5455 5458 5459
5466 5467 5468 12050
5506 14337 14498
5514 8824 11877 11878 11879 11880
5515 5516 5517 5686
5538 5793 11121
5540 5563 5564 5565 5566 12062
5550 5551 5552
5581 8908 8909 8910
5584 11689 11690 13909 13920 13921 13922 13923
5588 5589 7467 7468 7472 7473 7550 7551 7553 7580 7581 7582 7583 7584 7666 7667 7668 7669 7671 13583
5607 5608 5609 5610 5611 5612 5613 5614 5615 5616 5617 5618 5620 5621 5622 5623 5624 8075 8076 8077 8078 11282 11283 13436
5682 5683 5684 5685
5687 5688 6057 6058 6657 7505 7506 7960 7961 7962 9155 9156 9169 9291 9547 9549 9621 11238 11281 12839 12840 13321 13794 14025
5713 5715 11622 11623
5744 11989 11990 11991 11992
5771 11036 11037 11038 11039
5781 6409
5795 5796 5797 11763
5830 9035 13342 13343 13867 13868 14252
5836 6404 6405 6406 6407 12950
5859 5860 5861
5864 11771 11772 11773
5872 6532
5883 5884 5885 6835 8499 10732 10733 11780 11873 14433
5929 14073
5931 10069 10070 10071 11253
5934 7942 7943 7944 11802 13455 13456 13457
5951 5952 5953 5954 5955 5956
5959 5960 5961 5962 5963 5964 5966 5967 5968 5969 5970 5971 5972 5974 5975 5976 5978 5979 5980 5981 5982 5983 5985 5986
5965 12451 12452 13796 13797
5973 10043 10044
5995 5997 5998 5999
6001 6002 6003
6005 6006 6007 9436
6016 6114 6115 6116 6117 7762 7763 10185 10186 10187 10188 10292 10365 10366 10367 10875 10876 10877 11809 11980 11981 12730 12731 12768 12769
6017 6018 6019 6020 6021 6022
6075 10820
6096 7480 11577 11578 11579 11580 12090
6097 6098 6099
6110 6306 7686
6148 6149 8756 13928 14084 14085
6211 6212 6213 6214
6215 12133
6216 7531 8979 11273 11274
6222 6223 9423 9424 9477 10421 12946
6240 6241 6242 6243 9134 9588 9589 9590 10158 10595 10639
6286 14780 14781 14782 14783 14784 14785
6312 8805 8806 8807 8808 12706 12707 12708 12709
6340 6341 6342
6344 6345 6346 6347
6348 8199 8200 8201 9613 9614 9616 9617 9618 9619 9620 10418 10419 10420 10812 12898 13415 13646 13647
6365 6366 6367 6369
6392 8849 10777 12100 12692
6411 6412 6414 6416 6417
6413 9596 10531 12245 12246 12247 12248 12249 12250 13139 14467
6420 6718 6720 10729 10730 14605 14606
6429 6430
6468 6469
6476 6477 6478 6565 11603 13296
6499 6500 6501 6502 6505 6506 13135
6522 6523 6524 6558 6559 6577 6644 6828 8596 11106 14114
6531 9767 9973 10874
6561 6562 6563 9088
6572 10731
6573 6893 6894 6895 14681
6607 7641 7871 8068 8224 8453 9130 9131 10841 10939 10940
6618 6640 6966 6967 7293 7576 7926 8502 8830 10545 11789 11882 11883 12675 14087 14622
6620 12653 12654 12655 12656
6646 13898 13925 13926
6656 9857 9858 9859 11927
6658 9142 9143 9144 9145
6660 6876
6706 6707 11194
6733 6734 6735 6736 6737 6739 6740 6741
6742 6743 7257
6745 6746 6747 6748 6749 6750 6751 6752 6753 6754 6755 6756 6757 6758 6759 6760 6761 6762
6776 6777 6779 6781 10125 10126 10127 10128 10480 10481 10482 13897 14435 14436 14437 14438 14439 14440 14441 14442 14443
6788 7361
6821 6822 6823 6824
6831 10448
6836 6838 13690
6849 9968
6850 6851 6852
6879 6880 6881 10658 10869 10870 10871
6884 6885 7081 13315 13316 13317 13814 13899
6916 11508 12751 12752
6922 6924 6925
6923 7296 7297 7597 7598
6932 9086 11486 13072
6938 11860 11861 14384 14385 14833 14834
6960 6961 10240 11063
7003 13115 13116 13117
7008 7009
7023 7024 7244 7245 7825 14710
7031 7032 7033 7034 7035 7036 7037
7067 7068 9729
7082 7083 7084 7085 7086 7087 7088
7090 13338 13339 13340
7108 7109 11137
7111 7112 7113 7114 9802 12679 12680 12681
7118 7680 7681 7682 7815 10255 14379 14380
7135 7136 8523
7137 7138 7139
7153 8140 8667 9903 12123
7188 7189 7190 7191 9312 9313 9314 9336 11431 11432 14448 14449
7271 7273 7274 7275 7278 7279 7280
7276 8390 8391 8392 8393 8394 12258 12259 12260
7291 11327 12743 12744
7315 7316 7317
7341 12070 12071 12072 12073
7350 7351 7352 7353 14765 14766
7382 13255
7383 7384 7385 7386
7392 7393 7394 7395 7396 9780 14741 14742
7398 7399 7400
7402 7403
7415 7416 9175 9176 9280 9448 9450 9451
7417 9357 10077 11203 11230 11231 12973
7418 7814 12331 13172
7444 7445
7461 9094 9095 13719 13871
7535 7536
7542 7543 7636
7586 10565 14800
7608 7609 7610 13737
7611 7612 7613 10507 10508 12063 12501 12502
7618 7620 7621 7622 7623 7624 7625 7626 7627 7628 7629
7661 12682 12683 13070 13330 13331
7662 9139 9140 11864 11865
7664 11756 11757 11762
7670 8870 8871
7689 8169 10795 10796 11197 13085 13086
7708 7713 7714 7715 7716 7717 7718 7719 7720 7722 7724 7725 7726 7727 7728 7731 7732 7733 7735 7736
7709 7711 7734 8172 8173 14717 14718
7710 12078 12079
7747 7748
7779 8328
7802 7803 13249 14301
7828 7829 7830 7831 7832 7833 7834
7840 7841
7859 7860 7874 7875 10833 10834
7882 12576
7883 7884 7885
7893 10214 10215 10216 12034
7948 10996 10997 10998 11437 11438 12693 12694
7949 7950 7951
7952 7953 8387 8388
7954 7955 7956 7957
7963 7964 7965 7966
7991 7992
8013 8014 8015 8016 8017 9833 10173 10174 10175 10176 10505
8025 8026 8027
8053 11539 11540
8058 8059 8060 8202 9689 9953 10135 10414 11650
8072 8683 8694 8696 12150 12151 12152 13875
8089 8090 8091 8092 8093 8094 8095 8096 8097 8098 8099 8100 8101 8102 8103 8104 8105 8106 8107 8108 8109 8110 8111 8112 8113 8114 8115 8116 8117 8118 8119
8146 8147 8148 8149 8150 8151 8152 8153 8154 8155 8156 8157 8158 8159 8160
8203 8204 8476 13483
8205 14242 14364 14408 14409
8227 10822 10823 10824 10825 10826 10827 10828 10829 10830 11102
8237 8239
8312 8357
8314 8315
8325 10007 10008 10009 10893 10894
8332 8333 8334 12324 13765 13766 13767 13768 13769 13770 13771 13772 13773 13774 13776 13777
8343 8446 9323 9324 9325 10653 11767
8353 8355 10709
8367 8368 8369 8370 8770 10227 10228 11942 13614
8371 8372 8737
8399 8400
8407 11582
8418 11265 11266 11267 11268 11269 11270 11271 11272
8423 8424 8425 8426 8427 11682
8429 8430 8431 8432 8506 8507 14705
8462 10817 10818 11419 12804 12805 14034 14035 14036 14771
8463 8464
8468 8469 8471 8472
8508 8509 8510 8511 8512 8513 8514
8531 8923 8924 12029 13251
8536 8537 12812
8542 8543 8544 13908
8556 9482
8571 8572 8573 12861 14577 14578 14579
8577 9582 13112
8594 11680 13525 13526 13536 13537 13538
8624 13687 13688 13689
8630 8631 8632 8633 8634 8635 8636 8637 8638 8639 8640 9044 9045 9046 9047 9048 9049 9050 9051 9052 10436 10437 10552 10553 10554 10605 12219 12220
8674 8675 8676 8677 14815
8682 8684 8695 13188 13189 13190
8698 8699 8700
8713 8714 12919
8733 8734
8739 8740 8741 8742
8759 8760 8761 8762 9742 9743
8766 8767 8768 9513 14413
8782 8783 8784 8785 9826 9827
8810 10138
8811 8820
8838 8839 8840
8845 8846
8855 14281 14282 14283 14284 14285 14286 14762
8857 13407
8883 8884 8885 9644 11061 11062 11064 11065 11066 13306 13506 13507
8891 8892 8893 12711
8896 8897 9889
8902 12892 12893 12894 12895 12896 12897 13435
8931 12651 12652
8957 8958
8969 8970 8971 10949 13385
8990 8991
8995 8996 9965 11264
9002 9003 9004 9005
9020 9021 9022 9023 11835 14625 14626 14627 14645 14646
9028 9029 9030 9031
9032 9033 9034
9041 9042 9043 14327
9066 10442 13353 13354 13355
9102 9103 9115 9116
9112 9113 9114
9146 9149 9172 9286
9150 9170 9171 9276 9308 9309
9151 9152 9174
9157 9158 9294 9295 9296 9297 9298 9299 9300 9301 9302 9303 9304
9159 9160 9161 9162 9164
9163 9267
9165 9233 9234 9235 9236 9275 9277 9278 14368 14369
9166 9167 9168 9268 9284 9285
9184 14493 14494 14495 14496
9185 9186 10779 11028
9194 9195 9196 9197 9198 9199 9200 9201 9202 9203 9204 9205 9206 9207 9208 9211 9212 9213 9214 9215 9216 9217 9218 9219
9239 9240 9241 13288
9253 11825 11826 14801
9258 9259 9260 9261 9262
9264 9265 9266
9290 11142 11143 11144 11145 11146 11147 11148 11149 11150 12667 12668
9316 10424 10425
9362 9363 9364
9443 10478 10753 14536
9463 9464 9465
9470 9471
9478 9479 11308 11309 11807 11808 12257
9510 9511
9524 9525 9526
9542 9543 9544
9553 9554 9555
9606 14736
9615 14029 14030
9623 9942
9638 9640
9646 14183 14184 14185 14186 14187 14188 14189 14190 14191 14192 14193 14194 14195 14196 14197 14198 14199
9662 9663 9664
9718 10479 14654 14655 14656 14657 14658 14659 14660 14661 14662 14663 14664 14665 14666 14667
9754 9755 9756 9757 9758 9759 9760 9762 9763 9764
9765 14290 14291
9778 9779
9787 9788 9789
9791 9792 9793 9794 9795 9796 9797 9798
9813 9814
9839 9840 9841 9843
9842 12308 12309 13429 13430
9878 9885
9894 9895 9896
9898 9899 13402 13403
9904 9905 9906 9907 9908
9955 13097 13098 13099 13204
9959 9960 9961
9962 14415
10005 10880 10881 10882
10017 10018 10019 13023 13024
10022 10024 10025 10026 10029 10030 10031 10032 10033
10023 13569
10151 12553 14289
10165 10166 14342 14343 14344
10221 10222 10223 10593 10594 10686 10687 10688 10689 10690 10691 10692
10225 11673 11674 11675 11677
10279 10280
10314 10657 10695 12081 12082
10326 10327 10328 10329 10330
10342 10343 10344 10345 13401
10381 10382 10383 10909 10910 10911 10912 10913 10914 10915 10916 10917
10397 10398 10399
10402 10403 11889
10404 10405 11096 11097 11175
10470 12420
10476 10929 13293 14540 14541 14542 14543 14544 14545 14546 14547 14548 14549 14550 14551 14552 14553 14554 14555 14556 14557 14558 14559 14560
10488 11646 11647
10510 10511 10512 10513 10514 10515 10516 10517
10530 10532 10533 10534 10535
10548 11490
10566 10567 10624 12789 14504
10681 10683 10684
10698 12528 12529 12530 12532 12533 12534 12535
10706 10707 10708 11827 12938
10720 10721
10772 11676 13257 13258 13259 13260 13261 13262 13263
10774 10775
10780 10781 10782
10785 13736
10814 11518 11519
10838 12094 12095 12096
10918 10920 10921
10945 11788 13972 13973 13981
10948 13788
10976 10977 11052 12180
10985 10986 10987 10988
11014 11093 11094 11095 11169 11488
11067 11068 11069 11070 11071 11072 11073 11074 11075 13509 13510 13511 13512 13513 13514 13515 13516 13517
11103 11104 11105
11126 11127
11164 13585 13586
11167
11204 12350 14468 14469 14470
11248 11249 11250 11251 11495 11496 11497 11498 12959 12960 14360
11255 11256 13335 13336 13337
11258 14223 14593
11312 11313 11314
11317 11318 11319 13544
11321 11322 11433 11434 11435 12144 13692
11355 11356 11358 11359 12028
11374 11375 11398
11420 11422 11423 11424
11447 11448 11449 11450
11467 11468 11469
11476 11477 11478 11479
11522 11523 11524 11525 11526 11527 11528 11529 11530 11531 11532 11533 11534 11535 14451 14452 14453 14454 14737 14738 14739
11615 11616 11617 11618
11683 11684 11685 11686 11687
11699 11700 11701 11702 11703 11704 11705 11706 11707 11708 11709 11710
11720 11721 11722 11723
11746 11747 11748 11749
11775 11776
11805 11806
11839 11843 14402
11841 11844 11845 11846
11896 14460 14461
11904 11905
11949 11950 11951 11952
11964 11965 11966
11982 11983
11997 13739 13740 13741 13742
12001 13820 13821 13822
12033 12402 12403 12664
12101 12102 12103
12104 12105 12106 13924
12136 12137 14182
12139 12140 12141 12142 13237 13238 13239 14760
12154 12155 12161
12164 12167 12168
12192 12193 12194
12195 12196 12197 12198 12199 12200 12201 12202 12203 12204 12205 12206 12207 12208 12209 12210 12211 12212 12213 12214 12215 12216
12278 13799 13800 13801 13802 13803
12328 13779 13780 13781 13805 13806
12352 12353 12354 14744 14745 14746
12441 14836 14837
12443 12444 12445
12463 12464 12465 14446 14447
12566 12567 12568 12569 12570 12571 12572 12573
12620 12621 12622
12629 12630
12632 12633 12634
12642 14484
12676 12677 12678
12701 12702 12703
12745 12746 12748
12785 12786 12787
12803 13597 13598 13599 13600 13601 13602 13603 13604 13605 13606 13607 13608 13609 13610 13611
12850 12851 12852 12853 12854
13025 13026 13027 13028 13029 13030 13031
13061 13062 13063 13064
13111 14628 14629
13191 13192 13193 13194
13245 13271 13272 13273 13289 13290 13291 13369 13370 13371 13372 13373 13374
13248 13872 13873
13322 13323 13324 13325
13349 13350 13351 13352 13738
13361 13362 13363 13364 13365 13366 13367
13387 13388 13389
13527 13528 13529 13530 13531 13532 13533 13534 13535
13596 14616 14617
13642 13643 13644 13645
13650 13651 13652 13653
13691 14173 14174 14175 14176 14177
13699 13700 13701 13702
13720 13902 13903 14049
13810 13811 13812
13840 13841 13842 13843 13844
13971 14249
14041 14042 14043 14044
14101 14102 14103 14104 14105 14106
14164 14165 14166 14167
14238 14239 14240
14331 14332
14371 14372 14373 14374 14375
14499 14500 14501 14502
14633 14634 14635 14636 14637 14638 14639 14640 14706 14707 14708
14685 14686 14687
14688 14689 14690 14691
14702 14703 14704
14720 14721 14722 14723
14820 14821 14822 14823 14824 14825 14826 14827 14828
