35 30 32
85 86 87
97 98 88 89 90 91 92 93 94 95 96
1442 99 102 103 627
130 133 1968
165 166 169 973
209 216 208
516 517 778 237
513 1026 1027 1028 518 7 514 9 429 523 344 515 1039 925 28 428 32 1058 2140 1332 43 558 582 233 1588 1375 56 57 58 60 412 2134 956 1036 1094 1095 354 1097 781 75 2124 77 78 1947 639 1896 140 148 73 603 604 605 606 607 358 609 610 611 1124 1125 1126 615 616 957 619 620 621 2158 111 112 158 114 823 117 118 119 120 121 122 1147 1148 125 126 127 128 129 642 643 644 137 138 651 1816 141 1475 143 144 636 1170 147 660 149 150 151 1176 1177 154 155 156 157 1387 159 160 161 162 163 1702 1703 1704 802 177 116 653 288 190 191 1216 193 194 34 202 203 205 722 217 730 656 635 225 739 124 230 231 232 861 1770 235 1131 238 239 240 242 243 244 245 246 247 248 250 251 252 253 254 255 256 257 258 259 260 262 146 265 1805 270 1299 789 280 797 1312 289 1314 291 292 113 297 298 1836 308 1334 1335 650 1682 139 1855 123 833 322 323 652 325 326 327 1512 329 330 331 1356 333 846 335 336 1874 228 1365 1880 345 1884 349 350 351 352 353 1890 355 356 357 1382 359 360 361 362 363 488 1171 370 371 372 885 831 1914 381 382 387 236 389 1414 391 392 152 1421 835 402 403 404 405 406 407 408 409 410 411 924 1844 414 928 417 419 1180 422 654 390 413 427 940 1453 430 926 946 947 612 951 954 416 445 958 834 963 332 1789 1431 931 1128 334 932 471 472 473 474 153 479 1446 484 485 486 145 338 489 490 1313 921 1791 426 506 512 509 444 1024
369 739 366 367 368
420 421 422 424 425 426 363 1107 447
439 441 442 443
480 493 1120
684 1286 266 1152 782 527 786 788 535 1050 288 290 36 293 294 558 559 560 818 563 564 1334 825 826 585 587 590 591 518 1189 1000 1004 985 377 378 379 1150 1151 167 1153 1154 1155 1156 1157 1158 1159 138 921 1188 677 678 679 1192 681 1194 683 1196 685 686 687 688 689 690 691 692 693 694 695 696 697 700 701 446 704 707 203 1022 1786 1241 986 991 739 1969 998 999 179 1001 1002 1003 680 1005 2031 766 1193 682 1017 1018 1019 1020 1021 1195
596 597 598 599 1430
642 645 366 634 635 636 637 539 639 640
649 227 648
660 662 2071 2016
708 709 775 713 714 715 716 717 718 719 720 721 722 723 725 726 727 728 729 161 711 210 111
801 802 804 805 806 807 808 363 59
839 842 843 845
849 850 851 852 847 848
859 860 856
867 1061 1063
387 876 598 873 1322 267 1340 877
890 891 892 174 894
961 956 607
376 6 898 13 899 942 1041 1042 1043 1044 1045 1046 535 218 1051 1840 1565 2011 70 1824 1826 2083 1060 468 903 551 552 553 554 555 1068 48 49 50 51 52 53 54 55 312 313 1338 315 224 63 1600 65 66 67 68 69 311 975 1354 593 338 339 340 341 314 2118 273 357 2016 1554 1385 1641 872 550 1394 1396 1397 968 1400 1402 2173 895 896 897 1857 387 900 901 902 647 904 906 908 607 1262 914 1944 1946 1691 1438 186 838 556 893 172 499 1200 1457 201 1770 1047 1223 200 969 1226 204 973 988 976 1490 1491 1492 1494 890 1497 730 987 1500 989 2014 223 1760 225 227 229 978 1917 1259 1774 222 596 1786
435 1075 1076 1077 438 1079 856 858
1082 1083 1084 1086
1096 170 171 172 173 174
626 1114 1115 1279 624
280 103 1992 1994 1131 1132 1133 1134 1135 1073 212 1130
1297 1293 1294 1295 1296
53 1399 2000
1585 1586 1587 1581 1582 1583 1584
1799 1465 1662 1663
1476 1896 1708 461
1538 1539 1540 1990 1410 1385 1836 1818 1491 1743 1520 1715 2133 1784 1786 1820 1516
1505 1813 1504
1929 292 1927
1113 1973 2069
1794 1481 1975 1384 1385 1226 1224 494 1225 497 1554 1556 1461 1559 1405 1470
1995 1996 942
2038 535 62 1424
2 1000 1001 2091 1006 1007 1008 1009 1010 1011 1013 1014 1439 448
41 42 45
1204 229 1206 1896 1770 779 980
217 581 665 666 667
739 933 6 140 291 1105 1107 1109 1309
1875 180 181 182 183 2157
1600 1919 1960
457 138 274 275 276 277 278 279 280 281 282 283 284 866 868 939 305 306 307 512
1269 1270 602 28 942 966
337 161 60 600 1065 107 108 109
1106 611 6 828
22 25 26 380
1793 2059 773
1891 494 1407 496
882 883 884 885 886 880
201 1397 2134 1401 1769 1338
737 194 740 741 744 746 747 474 730 732
228 550 509 510 511
1524 1525 2010 11 1533 592
498 204 286
1362 1599 1600
3 909 910 911
461 463 464
1113 1735 200
755 324 1312 1136
393 394 523
6 175 1200
778 587 792 782 783 976 785 1362 789 376 784
2128 943 944
1705 1130 1491
562 812 994
377 211 208
593 1430 535 1418 975
185 186 187 188 189
1987 1732 140 2039 1332 316 317 1840
994 1227 1237
1365 1510 1511 489
1337 555 1379
473 951 952
1283 1284 1285
739 1369 1358 480
562 565 921 558
1362 28 1365 2140 973 1471
658 386 491 176 973 1120
1679 175 1680
230 1880 473 1659
593 386 627 592
1227 781 918
1338 4 7
1482 229 1952
1521 1332 1476
539 535 200
1430 624 1439 1392
802 176 1786
186 782 64
273 1030 784
937 387 518
518 1896 218 220 54
204 1262 1430
481 482 483 582 243 1588 1270 280 475 477 478 479 480
1770 364 615
1365 1421 535
562 387 230 506
2164 1896 1421 1726
1521 322 2164 838 1944 190
1964 53 7
