0
0
0
1
1
1
1
2
3
1
1
1
1
1
1
1
1
0
1
0
1
4
4
4
4
4
1
1
1
3
3
3
3
3
3
1
5
5
5
5
6
6
3
6
6
1
1
7
7
7
7
7
1
1
7
3
3
3
1
3
3
1
1
1
1
1
1
1
1
1
1
1
3
1
1
1
1
1
1
8
1
1
3
3
9
9
9
10
1
10
10
10
10
10
10
10
10
10
11
11
11
11
11
1
3
1
1
3
1
1
3
3
3
3
3
3
3
3
3
3
3
3
3
3
3
3
3
3
3
12
12
12
12
1
1
1
13
14
3
13
13
3
13
13
13
13
1
13
13
13
13
3
3
3
3
3
3
3
3
3
3
3
3
1
1
1
15
1
1
1
1
1
1
1
1
1
1
1
16
1
1
1
1
1
1
1
1
1
1
1
1
1
3
3
17
17
17
3
1
1
1
8
8
1
8
1
1
18
18
19
18
1
1
18
3
18
20
1
3
3
1
21
21
21
22
1
21
3
1
3
3
3
3
3
3
3
1
3
3
3
3
3
3
23
13
23
23
23
23
23
23
23
13
23
1
23
23
3
23
23
23
3
3
24
3
16
1
1
1
3
3
1
1
24
24
24
24
24
24
1
24
24
24
24
24
1
1
3
3
3
3
3
16
16
3
1
3
3
1
1
1
1
1
23
24
24
24
3
1
24
1
1
1
1
1
1
1
3
3
3
3
1
22
3
22
22
14
14
14
14
14
14
14
14
14
14
1
1
1
1
1
1
1
3
3
1
1
3
3
3
3
3
13
13
13
13
1
13
13
1
1
1
1
1
1
1
1
1
1
14
14
14
1
1
1
1
18
25
25
4
3
3
1
1
1
1
3
1
3
8
8
8
1
1
1
1
26
26
26
26
26
3
3
3
3
3
3
3
3
3
3
1
3
3
1
1
3
3
3
1
1
8
1
1
1
1
3
3
3
3
1
1
1
1
2
2
2
2
3
3
3
3
3
3
3
27
1
1
28
28
28
28
1
28
28
1
24
24
24
24
1
1
1
1
1
1
1
1
1
1
3
3
3
29
1
1
1
1
1
1
1
1
1
13
13
13
13
3
1
13
1
1
1
1
1
1
1
1
1
1
3
30
30
30
30
3
3
1
3
3
3
3
3
3
3
1
1
3
1
19
3
3
3
3
3
3
16
3
3
3
3
3
3
1
1
3
3
1
1
1
1
31
31
31
1
31
3
3
1
1
1
1
1
1
1
1
22
3
16
16
16
1
1
25
1
1
1
32
32
32
32
32
32
32
32
1
1
1
1
1
20
1
1
1
16
16
16
16
16
16
16
1
1
1
11
1
1
1
1
3
3
1
3
3
3
3
3
3
3
3
1
3
3
1
3
3
3
3
3
3
3
1
1
1
1
1
1
1
1
1
1
1
1
1
1
1
1
1
1
1
3
1
13
13
1
1
1
21
1
13
13
13
13
13
1
3
3
1
14
14
1
14
3
3
20
1
20
20
3
3
1
1
1
33
33
33
27
27
27
27
27
27
27
27
27
27
27
27
27
27
27
27
27
27
27
27
27
27
27
15
27
1
27
15
1
1
1
19
19
19
19
19
19
19
19
19
19
19
19
19
19
19
19
19
19
19
19
19
19
29
29
29
29
29
29
29
29
29
1
29
29
29
27
29
29
29
29
29
29
29
29
29
29
3
3
29
1
29
29
29
29
29
29
29
29
15
29
29
19
19
19
19
3
19
19
19
19
1
1
1
1
1
3
1
1
1
1
1
3
3
1
1
1
1
8
1
13
3
3
3
1
1
1
1
1
1
1
1
1
1
1
1
26
1
1
3
3
16
16
16
1
16
3
3
16
25
16
1
1
3
3
3
3
3
3
1
1
1
29
29
29
29
29
1
29
1
34
34
34
34
34
34
1
3
1
2
2
2
2
2
3
35
35
35
35
24
36
24
3
3
1
1
1
1
1
1
1
1
1
37
37
37
37
37
37
37
1
1
3
1
1
1
1
1
21
21
1
21
1
21
21
21
21
21
21
21
21
21
1
0
1
1
1
21
21
1
3
1
1
1
3
1
13
13
13
13
3
13
13
1
1
3
1
3
3
3
3
3
24
1
1
1
1
1
1
3
3
3
3
3
3
3
3
3
1
3
1
3
3
1
3
3
3
1
1
1
1
1
1
1
1
1
1
1
1
1
1
1
1
1
3
1
1
1
16
15
1
1
1
1
16
1
1
1
38
1
1
27
25
25
25
25
25
25
25
0
0
0
0
0
0
0
0
0
0
15
25
25
25
25
25
25
3
8
8
8
8
8
3
1
3
3
3
3
3
3
3
3
3
1
1
1
1
1
1
21
1
1
25
1
1
1
39
39
39
39
39
14
14
21
36
36
36
3
1
1
1
1
1
1
1
1
1
1
2
2
2
2
2
1
3
40
40
40
40
40
40
1
1
1
3
3
1
22
22
1
8
1
8
1
1
1
1
1
1
1
1
1
1
1
1
1
1
1
1
1
1
1
1
1
41
41
41
13
13
13
13
13
13
1
1
1
1
1
1
3
3
3
3
3
1
1
1
3
3
13
3
3
3
15
15
15
15
15
15
15
15
15
27
27
42
42
42
42
42
42
1
1
1
3
3
1
13
3
1
3
1
13
13
3
3
13
13
13
1
1
1
15
15
15
15
15
15
15
15
15
3
3
15
21
21
1
1
1
1
1
1
1
1
43
43
43
43
43
1
1
3
3
1
1
21
21
21
1
1
1
1
1
1
1
1
1
1
1
1
1
1
1
1
10
15
15
44
44
44
1
21
21
1
1
1
1
1
1
1
1
1
1
1
1
3
1
1
1
1
1
1
1
1
1
1
3
3
37
41
41
41
41
1
1
2
3
1
1
1
15
3
1
1
1
1
3
1
1
1
1
1
1
3
1
45
1
46
1
3
1
1
27
1
1
1
3
3
3
8
8
1
47
1
3
1
1
3
3
3
3
25
3
1
3
1
1
24
1
3
3
1
1
1
3
1
1
1
1
1
1
1
0
3
1
19
18
1
1
1
1
1
1
1
1
1
1
1
1
1
1
1
1
1
1
1
1
1
1
3
1
1
1
1
1
1
1
1
1
1
1
3
1
1
1
1
1
1
1
1
1
1
1
1
1
1
1
1
1
1
1
1
1
1
1
1
1
1
3
1
1
1
1
1
1
1
1
1
1
1
1
1
1
1
1
3
1
1
1
1
1
1
1
1
1
1
11
1
1
1
3
20
20
1
1
1
1
1
1
1
1
1
1
1
1
1
1
1
3
1
1
3
3
1
1
1
3
3
3
1
1
1
1
1
1
1
1
1
1
1
1
1
1
1
1
1
1
1
1
1
1
1
1
1
1
1
3
1
1
1
3
1
1
1
1
1
3
1
1
1
1
1
1
48
1
1
1
1
1
1
1
1
1
1
1
1
1
1
1
1
1
1
1
1
1
1
3
3
1
1
1
1
1
1
1
1
1
1
1
1
1
1
1
1
1
1
1
1
1
1
1
1
1
1
1
1
1
1
1
1
1
3
22
22
22
38
38
38
38
38
38
38
3
3
3
3
1
1
1
1
1
1
1
1
1
1
1
1
3
1
1
1
47
47
47
47
1
1
3
3
3
1
1
1
1
1
1
1
13
1
1
1
1
1
1
1
1
1
1
1
1
1
1
3
1
1
10
1
1
3
3
3
3
3
1
1
1
1
1
1
1
1
1
3
1
18
1
1
1
1
1
1
3
1
3
3
3
1
1
21
1
1
1
1
1
1
3
7
1
1
3
3
3
1
1
1
1
1
1
1
1
1
1
1
1
1
1
1
3
1
1
1
1
1
1
1
3
1
3
1
1
1
1
1
1
1
1
1
1
1
1
1
1
1
1
1
1
1
1
1
1
1
1
1
1
1
1
1
1
1
1
1
1
3
1
46
46
46
1
1
1
1
3
1
1
1
1
1
1
1
1
1
1
1
1
1
1
1
1
1
1
1
1
1
1
1
1
1
1
1
1
1
1
3
3
3
3
3
1
1
1
1
1
1
27
27
3
3
1
1
1
3
1
14
1
1
2
1
1
1
48
48
1
1
1
1
1
1
1
1
1
1
1
1
1
3
3
3
1
1
3
1
3
3
1
3
3
1
3
1
1
1
3
3
3
3
3
18
18
3
3
1
1
1
1
1
1
3
49
49
49
1
3
3
1
1
1
1
3
1
3
1
50
50
3
3
50
16
3
3
1
1
1
1
3
3
1
1
3
2
1
1
1
1
1
1
1
1
3
3
3
3
15
1
1
1
3
3
3
3
3
1
3
1
21
21
1
1
3
3
2
1
1
1
1
1
3
3
1
1
1
1
1
1
1
1
1
21
1
1
21
3
3
3
1
1
1
1
1
48
21
1
1
1
1
3
50
1
1
3
1
1
1
3
3
3
1
1
1
1
1
3
3
3
3
3
3
1
1
3
1
1
1
1
1
1
1
1
1
1
1
1
1
1
1
1
1
1
1
1
1
1
1
1
1
1
1
1
1
1
1
1
1
1
37
1
1
1
1
1
1
1
1
1
1
51
51
51
51
3
1
1
1
1
1
1
1
52
1
1
1
1
1
1
1
26
1
1
1
14
1
1
3
3
1
1
14
14
14
14
14
14
1
1
1
14
1
21
21
1
45
45
45
3
3
2
1
1
1
1
1
1
1
1
1
0
1
1
3
3
3
3
1
1
1
27
1
1
1
1
1
11
11
11
11
11
11
11
3
1
1
1
1
1
13
1
1
1
3
3
3
1
1
1
1
1
1
1
1
1
1
1
1
1
1
1
1
1
3
3
1
1
1
1
1
1
1
1
1
1
1
1
3
3
3
1
1
1
1
1
1
1
1
27
1
1
1
1
1
1
1
1
2
2
1
1
3
1
3
3
1
3
52
52
52
3
1
1
3
3
3
1
1
1
1
1
1
1
1
1
1
1
1
1
1
1
1
1
1
1
1
1
1
1
1
1
1
1
1
