0
0
1
2
2
2
2
3
3
3
4
4
2
5
5
5
5
2
4
4
4
4
4
2
2
6
6
6
2
2
2
7
7
8
8
8
2
2
2
2
2
2
0
9
9
9
2
2
10
10
10
10
10
10
11
12
2
2
2
2
2
2
13
14
13
2
15
16
16
16
2
2
4
2
4
7
17
15
15
15
18
18
18
2
2
2
19
20
4
21
21
22
23
2
24
24
2
25
2
2
26
27
2
2
2
2
28
2
2
2
2
29
30
29
4
4
4
4
4
4
4
4
31
31
2
2
2
30
32
32
32
21
21
21
4
4
2
28
2
33
28
28
28
34
34
34
35
35
35
28
28
7
28
28
15
36
37
2
15
2
28
2
38
39
39
39
39
39
40
40
40
4
4
2
41
7
7
32
32
32
32
28
28
42
42
42
26
26
2
43
43
4
4
2
44
44
44
44
44
44
44
44
44
44
4
2
44
44
44
44
44
44
2
2
2
2
2
4
0
4
4
4
2
28
2
2
2
2
2
45
45
45
2
4
4
2
15
15
15
21
2
42
42
42
28
2
2
4
2
2
2
2
2
2
2
4
30
30
30
13
15
15
15
2
28
2
15
2
2
2
46
21
21
47
47
48
49
50
50
21
51
51
24
24
52
2
2
53
53
53
53
53
54
55
54
15
15
15
56
56
56
21
56
53
53
4
4
57
57
2
28
2
2
2
2
2
2
58
58
15
59
59
59
60
26
15
15
2
4
4
4
4
2
2
2
15
15
15
61
15
15
23
28
28
28
62
62
40
2
2
2
2
63
63
7
64
21
21
28
28
28
28
28
2
15
15
25
15
2
2
2
28
28
28
2
65
7
7
66
66
67
67
4
2
2
2
2
2
2
2
68
68
68
68
25
68
21
69
2
70
2
2
71
71
72
24
30
30
30
30
64
73
15
73
28
28
28
28
28
28
28
15
15
2
2
64
4
28
74
15
15
15
28
28
28
9
9
2
2
2
2
2
2
2
15
2
28
75
2
2
2
2
2
2
2
28
2
15
28
2
2
19
19
15
10
10
28
2
4
4
0
76
21
21
77
2
78
2
2
2
79
79
2
2
2
2
2
2
80
80
15
4
66
66
66
66
2
15
15
2
28
2
2
2
81
81
81
81
81
15
15
79
82
64
64
28
83
83
37
84
85
21
26
53
53
53
23
23
23
23
62
62
86
2
2
2
4
87
4
88
4
15
28
28
2
2
2
89
90
90
90
28
2
4
21
21
21
9
2
2
21
15
91
92
92
93
92
92
92
92
92
92
92
92
92
92
92
92
92
92
92
94
92
92
92
92
92
92
92
92
92
2
2
2
2
2
2
2
2
2
2
21
21
21
4
4
4
2
2
2
2
4
4
28
28
28
25
25
25
7
7
2
2
78
15
15
15
2
15
95
15
15
2
96
96
2
15
2
97
10
15
15
15
4
4
7
21
21
98
21
21
28
28
99
99
99
99
2
2
2
2
2
4
4
4
15
99
99
99
99
100
2
28
7
7
7
101
101
102
28
28
2
2
2
2
2
2
2
2
2
28
28
28
28
2
44
44
15
15
15
15
15
2
2
103
103
4
4
2
104
2
28
93
93
93
93
93
94
93
93
93
93
93
2
2
105
105
4
105
4
106
106
107
2
2
2
2
44
75
75
108
2
2
21
21
21
2
2
28
28
109
109
28
101
2
2
2
2
2
2
2
68
68
2
110
59
110
59
110
110
110
2
2
2
28
2
28
2
111
2
2
2
2
15
112
15
15
2
28
2
7
2
2
2
2
4
4
4
4
2
21
21
4
21
21
113
28
4
114
114
114
114
26
26
11
11
15
23
115
116
116
98
98
117
118
118
118
23
23
11
21
119
119
119
120
15
15
121
121
121
21
2
122
122
31
2
2
2
2
2
2
2
2
91
91
123
91
91
91
4
4
4
4
4
28
87
5
5
21
21
21
124
124
2
2
2
2
2
2
2
28
28
125
28
21
28
2
15
15
25
10
4
28
21
15
32
32
28
28
2
76
12
2
2
2
2
81
28
28
28
126
28
28
28
28
127
28
126
28
28
28
28
28
28
28
28
2
28
4
128
15
129
129
129
129
80
80
57
21
130
23
2
2
2
2
2
2
28
2
15
131
131
131
25
25
25
25
25
25
25
25
25
25
25
25
25
25
25
25
15
2
2
2
2
7
87
7
9
87
87
87
132
4
12
133
28
0
2
0
0
129
134
2
2
2
2
2
2
2
2
2
30
30
4
4
135
135
135
136
23
23
15
2
15
15
15
26
137
138
138
138
139
139
4
2
2
28
4
15
2
87
87
140
140
26
15
141
43
142
142
109
15
109
143
143
144
144
144
144
145
37
37
146
23
21
28
28
4
4
4
15
2
2
15
100
2
15
28
28
2
2
2
2
2
2
2
2
2
2
2
2
2
2
28
2
2
2
129
114
114
147
2
21
148
26
26
26
26
149
149
17
17
2
2
2
21
21
115
44
104
111
0
15
0
9
0
0
0
4
97
97
28
28
28
28
28
28
15
150
151
151
151
152
7
28
7
80
7
147
101
153
153
2
15
15
21
2
154
155
92
155
156
92
157
157
157
157
157
4
4
28
158
158
31
2
93
93
93
93
15
15
2
2
159
159
4
4
4
4
4
4
15
15
2
15
15
28
74
28
33
4
78
21
0
0
78
2
2
2
2
2
2
2
2
2
2
2
2
160
160
15
109
28
109
0
0
2
2
21
15
15
28
137
7
157
7
157
124
21
21
2
2
2
26
44
44
2
2
28
10
30
30
2
2
2
2
2
2
2
2
2
2
2
161
2
2
98
28
28
28
2
162
162
162
163
2
15
15
15
4
4
4
4
28
164
165
164
164
164
166
166
167
167
167
24
24
24
28
28
28
28
53
53
53
23
21
21
21
168
168
28
169
170
153
86
153
153
153
153
153
153
153
153
153
171
109
109
109
15
127
109
2
4
2
96
96
23
50
50
2
71
44
44
23
30
172
2
2
4
2
28
173
20
174
174
174
175
175
175
175
15
2
2
2
2
2
2
4
4
33
2
2
2
2
4
4
4
4
2
132
2
116
116
2
28
28
28
28
2
28
2
4
4
28
2
2
2
2
2
2
176
176
176
176
176
176
176
7
22
4
4
77
77
77
7
177
177
2
2
2
15
2
106
106
106
148
148
4
4
4
2
178
28
2
2
2
2
4
4
2
2
2
44
2
2
2
2
2
26
26
26
4
4
2
2
4
4
2
21
28
15
28
2
28
148
148
2
2
148
28
7
2
15
4
4
0
0
44
2
2
2
2
21
21
78
78
148
179
28
2
2
29
2
2
2
2
2
2
2
15
15
2
2
2
2
2
4
180
180
180
180
2
2
2
2
21
22
22
181
181
30
30
15
2
182
0
7
7
7
2
5
20
20
125
2
2
28
2
2
2
2
2
28
21
142
24
24
24
30
117
117
117
160
23
56
171
171
4
177
21
77
2
2
2
2
2
2
2
2
2
2
7
4
28
7
183
184
183
15
28
28
47
77
21
21
185
186
185
185
2
2
2
2
4
4
132
132
132
15
15
28
2
81
2
73
73
15
15
2
28
28
28
28
28
15
25
44
44
2
2
2
2
2
2
187
187
187
187
107
2
188
188
28
28
28
22
2
4
28
28
28
4
33
33
33
104
148
148
15
189
189
189
2
2
2
2
190
190
190
15
2
2
0
109
7
7
28
112
21
21
13
30
28
28
28
28
15
15
15
39
15
2
2
2
8
2
28
28
28
28
28
28
2
2
2
2
10
2
191
191
192
193
193
194
193
23
23
166
166
195
195
109
109
109
196
196
112
28
197
28
198
198
10
2
7
7
7
7
2
115
115
115
115
115
115
115
115
115
115
115
115
4
182
73
28
15
4
130
65
65
2
199
2
2
2
32
163
163
163
163
200
200
200
200
2
15
15
140
140
28
28
28
2
2
2
2
33
33
44
28
28
21
44
44
4
2
2
2
2
2
2
2
21
21
0
201
23
2
28
22
28
28
7
7
7
7
7
202
77
77
77
197
28
25
25
25
25
25
33
7
2
4
4
21
0
0
2
28
28
28
28
28
28
26
26
4
4
4
28
28
21
21
25
25
25
25
25
25
25
21
28
203
4
204
2
2
2
38
38
205
15
28
7
4
7
28
28
28
2
4
206
28
2
28
19
19
19
207
163
2
28
28
4
208
15
21
10
28
28
15
7
7
7
2
2
2
2
2
2
2
28
87
87
209
28
210
32
211
211
165
28
21
2
15
2
7
28
28
28
28
28
15
2
2
2
28
28
28
28
137
137
4
212
194
194
35
35
35
213
214
214
21
24
24
24
24
4
4
150
15
2
2
137
2
2
2
2
28
28
4
4
4
4
2
160
77
2
2
2
2
28
2
79
28
28
28
28
28
28
28
28
28
28
10
2
2
2
2
4
15
0
9
15
18
18
215
215
215
28
2
2
2
28
21
15
2
132
132
132
2
4
2
28
28
4
4
28
87
87
187
4
2
2
2
2
4
7
2
2
21
109
117
117
4
2
2
2
2
2
2
28
216
216
216
216
217
217
10
10
2
44
87
87
87
87
87
87
87
2
28
28
21
2
4
4
2
2
2
2
184
184
184
28
184
2
4
2
2
15
2
30
30
4
21
104
0
0
2
28
28
4
4
0
0
21
21
23
2
2
2
2
4
4
2
4
4
114
26
218
168
11
15
24
143
24
219
33
33
33
2
33
2
30
30
30
30
30
30
30
30
7
7
182
182
182
182
182
28
2
2
0
220
2
21
28
4
28
32
2
2
15
15
7
28
4
28
28
28
2
219
4
15
17
2
2
2
2
2
4
4
4
137
28
28
28
2
15
2
2
2
28
106
87
87
87
28
182
28
28
182
221
221
79
79
222
222
222
222
223
223
223
223
223
224
223
223
223
2
2
4
4
28
2
225
7
7
7
132
7
7
4
2
2
28
28
104
104
28
28
28
28
2
87
225
80
4
202
202
2
4
4
4
226
226
15
25
125
2
4
28
2
4
28
28
28
31
17
17
17
17
17
87
8
8
28
28
28
28
2
2
227
228
227
225
137
137
137
104
28
28
178
68
68
94
94
94
2
2
28
28
28
28
28
28
28
28
28
229
229
230
229
223
223
28
217
217
75
75
75
194
194
231
8
231
231
212
212
212
47
47
232
232
233
233
233
233
234
234
234
153
153
153
235
235
235
235
235
235
235
235
159
28
4
0
28
26
2
2
2
2
28
28
2
28
28
28
2
28
28
28
28
2
28
28
28
0
236
236
42
42
42
2
2
2
2
2
28
2
2
2
211
28
28
28
28
28
2
28
28
28
28
21
21
2
30
28
138
28
138
28
28
7
28
15
28
2
2
4
232
4
42
15
15
2
2
2
74
2
4
4
4
2
237
238
15
15
30
171
2
2
229
239
229
87
87
87
15
28
21
2
2
2
2
30
103
240
240
21
2
2
28
82
28
7
7
7
241
241
2
2
2
2
2
208
28
2
2
2
21
22
28
28
28
182
242
1
1
23
120
120
191
191
19
171
19
19
28
28
25
4
2
4
4
4
4
12
2
80
4
4
4
4
4
28
28
2
209
209
21
2
2
2
243
243
2
2
7
2
62
2
2
2
2
2
21
244
244
244
79
2
2
15
2
2
15
2
2
2
2
2
2
2
2
245
4
28
28
25
25
25
25
25
15
25
25
25
25
25
25
103
2
2
4
30
30
30
4
4
4
4
2
2
2
2
2
2
33
33
37
85
203
2
2
2
2
2
2
2
2
12
10
10
0
21
28
2
2
2
2
2
2
2
2
2
2
2
2
2
4
2
2
4
28
4
28
80
2
2
7
7
7
7
28
28
199
4
28
28
2
237
237
246
246
21
2
31
0
0
4
0
0
0
0
0
0
4
4
15
7
220
4
2
247
247
247
2
28
2
25
2
2
2
28
2
28
2
248
248
249
250
251
252
251
30
51
253
23
23
118
118
24
102
4
4
4
182
4
4
150
150
150
87
208
28
28
28
2
132
254
132
237
237
109
255
255
109
28
28
15
15
256
256
256
106
28
257
2
30
130
31
4
4
28
87
174
9
4
4
4
4
4
4
4
4
4
4
2
28
2
10
25
25
15
25
25
25
25
25
25
25
28
159
4
145
2
2
2
2
12
2
2
28
28
28
28
28
28
80
80
2
2
2
2
2
28
2
2
2
4
4
4
2
47
47
2
25
4
21
28
28
258
4
4
2
28
2
78
18
13
13
13
237
237
109
238
28
259
259
259
78
260
260
261
261
261
261
2
182
182
25
2
93
93
93
183
183
183
182
182
4
4
4
2
28
2
2
28
28
28
4
4
2
2
135
2
2
2
2
202
202
202
104
104
104
104
17
262
28
28
202
25
25
25
25
25
108
108
111
263
21
21
21
21
21
15
28
28
28
21
25
25
25
25
2
25
25
2
28
28
28
28
2
2
2
2
2
7
2
2
264
81
161
81
81
81
81
81
81
78
15
112
265
2
2
15
4
80
8
8
4
4
15
37
17
28
28
28
28
28
28
28
28
28
28
91
232
232
21
266
4
4
104
267
268
4
4
4
4
4
2
2
2
2
2
2
2
21
109
30
30
269
269
269
269
269
269
4
269
269
269
269
269
269
269
269
269
269
269
269
28
28
7
270
4
4
4
4
30
225
271
2
2
2
2
7
2
171
171
9
9
126
126
126
28
28
2
19
37
2
2
2
2
0
0
4
0
0
0
0
0
4
0
272
272
25
18
28
28
2
2
2
2
2
2
2
2
28
2
2
2
2
2
2
2
2
2
2
2
273
274
274
4
4
4
26
2
2
33
21
2
2
2
2
28
157
2
15
28
28
98
98
98
98
2
2
15
28
28
28
28
28
218
21
8
262
275
275
276
276
21
277
277
11
50
50
50
278
278
279
279
23
280
281
281
282
35
282
282
282
56
136
213
283
2
7
7
2
2
2
28
4
28
28
28
182
182
2
284
284
284
285
286
286
2
2
101
101
28
4
4
4
4
2
2
187
187
187
187
44
187
44
187
187
162
187
2
44
200
42
42
137
137
1
28
4
4
28
287
28
28
2
4
4
264
2
2
77
4
28
80
2
2
2
2
28
28
28
28
82
19
80
157
157
2
28
2
109
2
113
28
2
2
247
247
28
2
2
2
2
15
28
28
28
28
28
288
288
288
4
7
4
4
4
4
4
4
4
2
2
66
66
66
66
66
66
66
66
66
66
66
66
66
66
7
7
132
15
78
266
266
204
180
17
2
2
157
157
28
15
4
4
4
4
4
4
4
4
270
270
270
270
4
289
289
2
4
4
2
2
15
15
2
2
2
290
291
291
21
24
292
292
292
21
23
293
293
279
279
294
62
62
62
26
0
182
28
4
28
7
28
128
128
128
2
28
295
295
2
28
28
132
132
2
132
132
132
132
132
132
132
2
2
82
82
82
10
2
28
2
2
2
28
28
28
28
28
183
2
296
4
15
15
30
30
30
297
297
297
297
297
297
297
30
30
0
209
0
0
0
0
0
0
0
264
297
26
19
12
15
15
15
15
2
2
15
208
28
28
28
28
28
28
15
4
81
81
81
4
4
2
2
2
25
28
28
2
28
2
124
28
28
2
4
21
74
74
74
74
30
28
28
28
7
2
298
298
28
28
2
2
2
2
2
4
4
0
0
21
28
299
299
299
299
28
28
4
4
4
4
4
300
28
9
9
9
301
2
2
302
302
302
0
0
0
0
303
0
0
0
2
15
2
28
28
28
28
2
28
2
2
28
28
113
113
43
2
2
2
104
104
208
28
28
2
28
28
28
175
175
157
157
157
304
4
12
2
2
2
2
2
2
2
12
28
28
2
2
2
12
2
2
28
28
28
28
28
25
25
25
25
305
305
87
28
32
306
26
149
62
21
21
28
125
125
4
307
307
307
28
304
2
28
2
2
2
15
148
308
308
274
28
2
28
2
4
25
117
2
28
25
25
25
25
25
25
25
25
25
7
2
23
23
309
309
2
80
28
310
23
311
4
4
4
28
4
28
28
30
2
303
312
312
2
28
28
4
4
2
267
267
65
2
2
2
15
0
0
0
305
33
2
2
2
2
26
166
166
5
2
0
64
25
25
109
2
2
74
109
21
0
0
289
21
21
28
28
2
309
28
28
28
28
28
28
200
270
270
21
15
195
12
28
28
17
2
313
314
21
21
315
316
316
317
318
47
73
73
318
318
73
80
80
80
28
2
28
2
28
28
28
28
28
28
2
28
28
319
28
21
132
132
132
132
132
132
132
2
132
132
308
132
172
132
132
132
132
2
2
176
176
2
2
2
2
15
28
28
28
7
7
7
2
2
63
63
2
2
2
26
161
161
161
106
28
2
2
21
157
157
157
17
4
28
4
28
33
28
33
100
28
77
85
4
4
28
2
28
2
2
4
81
31
28
7
296
2
2
2
2
15
15
289
289
80
80
80
320
320
320
28
231
231
289
4
139
139
139
139
139
137
44
30
73
2
2
2
28
28
28
28
4
196
77
31
2
274
274
274
28
321
321
2
2
2
312
269
312
81
312
21
21
183
21
322
322
322
322
322
322
322
323
322
322
322
322
2
2
2
2
232
232
232
25
148
2
30
30
324
64
30
54
54
23
19
306
325
23
146
28
21
21
0
28
28
9
80
80
208
4
161
326
4
4
4
4
4
4
115
115
115
115
7
327
7
13
30
13
13
30
15
2
2
2
28
10
28
2
2
7
232
232
232
13
2
28
87
328
329
2
7
87
87
4
4
4
330
330
330
2
2
157
4
4
2
2
2
2
22
2
44
4
85
0
0
2
2
28
32
2
28
28
28
26
2
2
17
17
331
152
152
152
152
152
21
4
4
4
4
4
4
4
4
28
4
4
4
4
2
196
28
2
2
2
2
28
28
309
309
266
7
7
7
28
127
7
148
196
196
28
33
4
28
28
332
30
15
15
15
133
133
133
133
133
133
133
288
333
28
2
2
28
28
28
15
0
28
2
4
4
334
4
2
104
2
28
135
7
2
0
0
28
28
287
4
4
2
4
4
2
2
202
180
180
50
23
23
23
191
191
121
121
121
335
335
335
2
153
153
336
336
2
4
4
2
2
2
94
28
28
2
15
15
25
25
25
22
22
22
4
2
2
2
2
2
2
2
104
104
337
337
337
2
30
28
2
28
28
338
189
310
2
2
2
2
339
339
339
25
2
28
340
298
28
28
341
341
342
2
148
148
343
132
132
132
28
9
208
28
2
24
24
24
15
15
344
344
344
2
80
2
28
28
28
4
4
4
4
4
2
28
2
28
15
2
2
25
28
28
297
28
28
28
28
28
28
33
33
33
33
2
345
2
2
2
4
23
28
28
4
4
4
237
91
91
91
28
28
10
0
15
183
176
251
251
251
78
24
24
4
4
36
36
308
308
25
177
177
28
28
28
28
104
28
2
2
2
4
4
182
182
28
303
53
346
117
117
347
347
347
348
348
4
4
4
28
28
28
238
238
238
238
238
30
209
349
12
15
2
2
2
2
2
30
28
30
30
30
30
30
30
30
30
30
30
30
2
4
30
30
30
4
332
350
350
350
2
26
78
78
4
30
4
4
4
21
4
28
28
4
4
28
157
157
157
2
30
132
2
2
28
4
109
109
2
2
124
351
28
28
28
7
7
4
334
334
28
28
28
25
25
25
25
352
352
4
4
4
4
2
4
132
132
132
132
132
132
132
2
2
2
2
26
28
28
28
28
28
25
25
124
124
28
28
28
28
15
28
4
4
197
353
353
25
15
25
111
239
2
2
2
2
4
4
4
4
4
106
80
80
80
80
2
97
28
28
77
77
77
77
77
2
0
113
0
0
0
0
4
4
4
28
2
2
354
2
2
2
142
355
21
22
15
15
112
53
53
171
171
171
235
2
4
82
4
4
4
4
4
2
4
106
106
106
139
139
44
44
44
222
2
2
9
28
2
289
5
2
2
15
33
15
15
28
28
42
7
7
7
32
4
4
44
28
4
4
4
4
2
2
2
4
4
4
2
30
2
2
28
28
2
2
154
15
21
30
2
4
28
225
2
2
2
2
2
2
138
28
28
28
28
28
28
28
28
28
28
28
28
28
28
28
2
28
2
159
290
159
4
4
87
2
15
226
104
28
28
4
4
2
2
2
7
7
28
28
28
2
2
7
296
2
2
68
28
204
104
28
15
4
28
7
7
7
7
7
7
28
24
24
28
28
28
28
28
7
47
28
184
2
2
2
2
2
2
2
2
245
356
104
4
4
4
64
2
54
2
2
4
2
28
2
25
7
28
7
7
7
7
7
7
7
7
7
59
59
208
208
4
298
110
4
357
357
4
4
197
197
152
208
147
147
147
2
28
28
28
219
75
23
50
358
358
358
28
257
4
28
28
28
28
28
359
359
359
359
4
28
2
28
312
312
4
4
4
4
4
4
7
28
4
28
28
28
28
2
4
28
28
28
28
21
7
44
9
28
65
65
2
0
0
18
253
253
360
253
304
304
0
2
15
279
361
362
362
362
362
362
362
362
362
362
15
15
15
4
4
4
4
4
12
28
28
28
28
132
28
4
4
209
209
177
9
9
9
148
2
284
28
2
7
7
4
4
4
4
2
2
33
33
21
28
28
28
2
4
2
28
4
4
4
312
28
352
4
0
4
0
0
266
266
2
2
97
97
114
280
28
21
4
28
21
21
21
21
21
2
2
4
4
4
4
2
70
70
70
8
317
317
301
63
2
2
77
2
2
2
2
265
2
2
28
2
7
28
25
77
77
28
28
28
172
157
363
8
15
24
364
364
364
4
2
120
42
2
85
24
28
28
343
28
28
28
4
2
2
139
4
136
136
25
4
28
28
2
21
33
2
2
2
187
187
312
187
187
187
187
187
365
365
2
2
32
28
28
0
4
21
28
28
366
366
366
366
366
4
4
28
81
77
232
81
81
81
81
9
367
81
81
81
81
81
81
81
232
81
81
232
2
81
368
81
81
81
81
81
81
81
81
28
28
2
2
15
0
0
0
28
28
2
7
352
4
2
42
157
2
28
117
15
28
28
7
2
4
4
111
111
28
2
28
2
28
2
2
28
330
28
28
4
4
4
28
28
18
4
4
4
28
28
9
2
2
4
2
2
4
4
4
4
4
4
2
2
2
2
2
4
2
7
7
4
4
4
15
2
7
7
28
73
2
2
2
2
2
2
2
31
31
15
44
44
21
161
30
29
21
284
28
66
66
25
81
0
0
2
24
28
104
21
33
35
35
35
369
369
369
369
4
125
28
7
7
144
144
19
28
28
28
28
266
266
266
266
2
304
304
266
162
162
59
59
59
59
44
2
4
102
102
102
102
28
28
0
2
28
28
28
2
28
4
28
2
30
131
31
197
197
197
104
197
197
28
4
4
4
4
128
370
370
370
370
4
4
4
4
4
4
4
4
4
4
4
28
28
4
30
28
30
30
30
30
4
4
2
4
4
343
343
68
15
15
104
104
124
2
297
2
109
352
371
2
2
4
4
4
4
4
172
80
80
207
150
150
28
28
28
4
2
2
2
28
28
28
2
2
2
372
372
372
4
4
2
2
2
2
28
59
2
307
2
2
2
2
373
373
30
4
81
81
81
232
232
171
171
171
171
149
2
2
74
2
109
2
2
148
64
64
64
64
104
355
283
21
21
15
15
15
15
235
235
30
73
73
2
4
28
15
2
7
7
263
232
26
138
15
0
4
4
204
28
2
2
4
0
80
2
2
7
4
2
28
28
2
4
4
15
182
182
182
110
110
374
374
374
374
374
374
374
374
374
178
178
178
178
178
178
28
302
302
15
7
7
7
7
7
375
30
30
2
2
7
7
28
2
152
2
26
7
7
178
178
28
28
28
80
80
2
15
2
4
41
41
147
147
147
147
147
147
147
4
4
4
28
28
101
157
157
2
30
15
97
97
97
97
77
77
77
77
376
376
376
376
376
25
25
2
25
270
2
2
10
25
25
80
80
7
44
44
2
44
44
266
44
44
44
44
44
44
44
172
44
172
44
44
44
44
44
44
44
44
7
28
7
7
287
287
44
44
2
4
28
2
2
4
132
25
25
28
73
2
2
148
2
2
2
2
7
28
377
377
377
21
21
4
4
4
4
4
4
4
278
149
378
378
379
380
380
51
171
21
23
279
279
54
146
129
2
2
2
2
2
88
2
4
2
2
2
2
4
28
28
74
74
28
213
213
4
2
2
2
266
4
4
4
4
296
2
4
4
78
4
4
4
28
28
2
2
2
28
9
28
308
308
308
308
308
308
308
308
308
308
308
308
308
308
308
308
308
21
4
4
31
31
381
28
28
28
10
25
25
28
2
28
4
4
121
4
111
4
2
80
80
28
382
383
383
383
2
264
264
2
0
7
7
9
7
2
2
2
25
7
4
4
4
4
384
384
384
384
2
2
4
4
106
30
30
385
385
4
152
152
152
152
111
111
23
196
258
196
0
0
2
2
2
2
2
2
28
28
28
2
28
155
2
2
2
4
28
28
28
28
2
2
178
28
2
2
28
28
110
178
178
28
386
386
28
2
2
2
2
2
2
2
2
2
2
387
387
387
387
387
387
387
387
387
387
387
387
269
387
387
387
387
387
2
28
175
28
28
28
28
310
219
219
1
1
23
24
388
4
389
389
389
197
197
157
157
4
4
28
2
211
211
211
28
7
239
137
28
28
28
239
239
7
28
26
4
220
157
4
304
4
4
2
4
2
2
2
2
2
2
390
390
390
390
391
176
349
28
182
2
99
4
4
4
151
2
66
157
138
138
28
99
99
28
2
2
2
2
2
21
36
392
2
392
4
4
28
32
2
87
152
106
2
2
28
28
2
173
2
28
2
393
393
2
129
77
4
4
4
4
4
4
4
82
82
61
61
2
28
42
42
28
28
4
4
4
4
2
4
4
4
4
4
4
4
4
4
4
4
4
4
4
4
4
4
4
80
4
4
394
4
190
4
4
4
10
32
2
28
28
122
384
103
395
395
395
4
28
396
396
396
396
396
28
257
257
257
257
359
4
2
2
2
4
28
28
28
28
28
4
329
329
297
66
66
66
66
106
9
149
82
28
28
397
2
28
44
28
28
28
28
28
28
26
355
271
271
271
263
8
268
289
191
232
146
64
64
235
235
235
132
2
7
28
0
172
176
28
28
4
398
28
28
28
28
28
0
0
2
2
182
399
399
399
242
242
2
2
30
30
305
305
305
28
28
182
182
2
81
81
2
2
157
157
128
128
4
4
232
28
30
30
30
28
15
15
5
283
4
4
4
4
4
28
2
2
28
2
7
7
28
258
331
2
28
2
157
28
4
4
4
4
287
0
0
4
2
12
28
400
400
400
400
400
400
157
308
401
401
401
401
401
401
402
401
401
401
401
401
401
401
403
401
401
401
4
401
401
401
401
401
401
404
401
401
28
28
176
176
176
270
28
2
340
340
340
340
340
2
87
87
87
30
405
405
405
15
25
28
87
7
7
331
331
406
4
4
4
4
4
4
4
257
257
161
161
161
161
161
161
161
161
161
161
161
161
161
161
161
161
161
161
161
161
161
161
161
161
161
161
161
161
161
161
161
349
349
104
28
28
28
28
28
28
28
28
28
28
112
50
23
191
23
21
270
65
28
211
211
211
211
30
4
4
4
4
4
0
28
124
30
30
28
28
407
407
407
407
33
28
28
28
28
28
28
28
28
2
2
2
2
104
408
408
408
408
409
409
226
7
2
2
227
227
4
15
204
110
85
4
4
4
4
4
4
4
4
4
4
0
0
2
2
264
264
264
73
73
36
36
36
36
36
36
36
36
36
36
36
36
36
36
36
36
36
36
36
36
36
308
36
172
36
36
36
256
36
36
36
36
44
36
36
36
36
36
36
308
36
36
36
36
36
36
36
36
36
87
87
2
226
30
13
72
28
28
28
28
28
1
224
224
224
224
2
2
9
87
4
12
7
7
2
28
4
4
4
4
4
4
4
4
28
28
0
4
4
19
258
258
258
258
269
269
269
269
269
269
269
269
269
269
269
269
4
269
269
269
303
269
269
269
269
269
269
269
269
269
269
269
269
269
269
2
269
269
269
4
4
4
4
269
4
269
410
4
4
269
4
4
4
4
4
303
4
269
269
269
269
59
109
28
28
66
2
132
132
297
297
202
411
2
2
2
134
134
28
28
28
2
21
21
264
28
412
412
28
154
154
4
7
80
413
413
82
413
10
414
414
414
414
2
101
187
187
187
7
2
0
2
4
4
415
415
21
28
2
2
28
28
7
28
28
4
4
4
4
4
4
0
0
132
0
2
2
2
4
2
4
4
4
4
4
4
4
4
4
4
4
4
416
102
4
2
2
2
23
4
4
28
157
2
2
2
2
2
7
394
5
7
7
7
7
28
7
7
234
4
28
261
261
26
80
26
251
21
232
388
388
417
417
28
28
172
172
172
172
172
172
172
172
172
172
172
172
172
172
172
172
172
172
172
172
172
172
172
172
172
172
0
132
132
211
211
211
211
2
2
2
2
2
28
28
2
418
418
418
308
308
308
104
9
9
419
4
4
4
28
148
28
28
4
4
4
4
4
4
4
4
4
4
28
4
4
2
2
2
169
169
28
356
274
66
4
28
82
82
82
2
2
420
420
420
7
7
7
2
0
0
0
398
398
9
9
9
9
9
2
4
4
109
109
196
21
2
4
4
4
4
4
0
0
77
1
28
26
420
420
4
4
4
4
4
418
4
4
4
4
4
2
2
4
28
2
2
420
149
15
42
42
369
15
4
2
2
2
2
2
258
67
4
4
4
4
77
77
28
113
2
7
28
28
232
2
4
28
28
2
28
150
25
25
25
25
25
2
421
2
2
30
302
30
32
32
2
4
36
172
172
172
4
2
197
197
388
4
172
117
0
2
2
2
420
9
111
4
150
150
28
4
28
25
25
25
9
340
419
9
9
9
9
9
28
28
422
422
422
384
384
423
384
15
28
28
28
28
28
142
187
268
268
268
268
25
2
28
53
28
7
7
4
4
312
312
312
312
24
28
28
2
163
163
163
163
7
7
44
44
44
128
4
129
4
4
190
80
28
28
28
4
0
2
2
25
2
4
53
53
112
112
30
424
424
424
424
424
147
424
424
424
425
425
23
426
426
426
426
426
426
426
426
426
426
426
426
426
426
426
426
426
426
86
4
163
73
9
9
9
147
147
147
147
147
147
147
147
1
147
147
147
147
87
7
44
15
15
9
419
419
9
28
427
428
428
2
428
113
4
283
2
28
18
2
94
94
94
94
94
94
28
166
33
33
15
2
267
267
267
2
429
429
429
429
0
28
28
420
196
4
196
243
327
327
430
430
15
430
107
107
2
128
0
219
219
12
28
2
431
431
431
431
133
133
4
28
4
28
2
30
30
4
4
4
4
4
4
202
2
15
2
80
15
2
2
9
202
80
432
432
432
2
2
152
152
2
2
2
66
66
4
4
4
4
4
4
2
2
2
4
4
4
4
4
4
4
4
4
2
7
7
2
208
327
327
327
340
327
327
28
15
433
434
433
433
4
2
2
28
28
4
2
2
2
28
30
30
10
28
28
28
28
28
28
28
2
23
4
4
4
4
4
4
28
327
161
161
161
161
268
268
28
28
28
2
0
0
435
435
366
2
28
28
28
28
28
4
80
4
4
4
2
4
2
4
4
12
12
132
66
133
133
133
133
133
133
21
184
8
8
23
108
34
104
104
24
168
436
436
73
56
23
43
73
76
76
372
372
175
175
15
15
4
4
4
4
2
2
298
2
437
437
437
437
437
437
437
138
4
44
157
157
157
4
4
2
2
2
80
298
15
74
2
2
2
2
2
28
28
28
28
303
0
0
0
49
49
49
438
438
2
110
4
66
66
66
66
112
7
7
152
439
349
439
349
439
439
439
349
440
66
4
2
4
4
4
4
4
225
2
2
4
4
87
304
28
28
28
28
0
2
2
2
2
2
132
132
441
132
132
7
7
7
2
2
7
28
28
2
2
2
2
85
124
442
442
4
4
4
0
28
2
4
129
2
28
136
136
136
28
175
23
146
2
28
44
2
2
4
2
2
82
82
82
4
4
4
443
443
443
443
443
443
443
443
443
443
443
2
2
2
2
2
28
28
80
80
444
444
444
444
28
28
28
28
28
2
284
4
104
104
312
15
15
15
34
28
28
28
28
28
28
28
28
28
28
28
28
28
28
28
28
28
28
28
28
28
4
2
2
28
78
445
445
80
2
4
2
290
266
266
28
28
61
61
2
310
310
310
22
22
37
446
143
447
98
425
54
64
177
177
2
4
4
2
448
4
2
2
28
449
4
449
449
449
449
197
449
449
449
28
28
289
21
28
28
28
28
28
2
2
2
0
297
2
434
450
28
28
132
132
0
197
197
197
197
202
31
28
21
126
126
126
126
178
178
178
2
451
451
451
451
28
351
351
266
4
4
2
4
2
2
0
0
0
21
4
4
28
28
452
4
28
28
28
28
15
15
28
453
453
453
453
2
2
2
2
2
21
9
9
28
28
28
28
2
308
308
310
44
2
2
2
2
157
4
2
28
28
28
28
205
454
454
454
454
307
307
30
15
126
455
455
456
455
455
124
12
12
12
296
457
457
0
0
0
82
28
2
2
28
7
28
15
458
458
0
106
256
256
256
256
256
256
256
256
256
256
256
256
256
256
256
256
256
256
256
256
124
25
28
28
28
203
203
126
28
28
7
7
2
4
157
109
109
186
161
161
28
2
459
2
12
25
15
28
28
28
28
28
28
28
28
4
460
460
137
137
137
407
28
35
35
35
35
35
35
35
35
35
28
28
28
77
77
77
2
2
2
80
2
319
28
28
349
349
4
2
28
2
4
4
4
4
4
2
28
4
2
2
4
4
4
4
2
2
4
21
2
28
2
44
28
30
12
12
4
4
28
28
28
461
461
81
2
4
4
2
2
28
28
28
28
2
2
2
2
59
59
8
8
28
28
28
28
28
4
4
10
10
126
28
28
28
28
28
28
2
28
28
28
28
28
28
9
447
193
262
11
124
2
233
47
234
26
2
450
450
12
28
157
264
4
0
0
0
373
0
0
0
7
2
7
2
30
209
24
4
199
4
4
4
4
4
4
4
4
4
4
266
137
15
2
2
2
461
102
102
102
2
28
327
7
21
21
2
28
28
28
4
28
28
28
28
28
257
67
2
4
2
28
0
2
2
28
28
28
28
28
28
28
14
25
25
25
25
25
243
243
441
441
441
2
25
15
2
4
28
2
2
2
2
111
111
4
0
0
0
152
152
152
152
157
157
14
14
4
101
101
101
101
101
101
101
101
101
101
101
101
101
28
101
101
101
101
101
101
101
44
101
101
101
101
101
101
101
28
132
28
28
28
28
28
28
203
4
28
28
4
28
4
4
297
52
52
52
4
4
2
28
0
462
462
226
4
4
4
4
4
4
4
4
4
4
4
47
0
7
463
4
92
28
28
28
28
2
2
80
2
2
103
4
28
2
2
4
28
291
291
28
287
7
7
258
258
258
7
7
7
7
7
7
7
106
441
2
172
172
2
28
4
4
4
28
4
28
28
28
28
28
28
28
28
28
28
2
4
2
32
464
464
124
12
12
182
74
4
4
4
4
4
2
2
0
30
2
30
208
465
466
4
4
53
24
21
270
307
166
350
350
28
419
419
465
465
2
2
256
135
28
28
12
458
458
458
2
4
2
2
2
204
2
2
28
28
28
28
28
28
28
28
28
28
28
28
4
2
163
163
163
163
163
312
163
312
2
2
157
7
7
7
4
4
159
2
0
2
2
2
15
132
28
4
4
2
28
4
4
266
266
137
467
467
467
28
121
106
70
70
70
70
468
468
2
2
2
2
2
2
469
469
469
4
4
4
4
4
2
63
15
15
470
157
113
2
28
4
4
4
113
157
157
182
2
28
28
2
2
279
4
345
345
345
345
2
2
2
2
2
2
2
2
4
36
2
237
237
4
2
2
2
2
296
296
296
296
296
2
2
2
80
4
4
4
471
471
471
2
4
2
2
345
4
2
81
4
4
4
4
85
28
28
28
4
4
4
4
4
4
4
2
472
461
4
4
2
0
473
473
473
2
2
4
4
474
4
4
28
117
7
7
7
7
28
387
387
387
387
269
269
269
269
13
150
4
475
350
2
476
476
476
476
477
476
476
476
476
476
476
476
476
476
476
476
476
476
476
476
476
476
476
476
476
476
476
476
476
476
477
354
354
478
221
221
473
28
28
4
4
111
4
4
4
3
326
326
326
164
146
146
50
50
50
98
143
479
480
479
479
479
479
479
479
479
479
479
479
479
480
479
7
7
7
7
7
28
28
7
2
4
2
101
101
2
2
2
244
244
169
129
129
152
152
152
2
2
2
163
163
163
4
17
17
17
17
21
421
421
7
7
7
473
17
17
0
2
20
0
87
4
4
0
0
0
0
0
28
28
172
290
2
2
2
28
28
2
4
2
2
2
2
2
2
28
87
28
28
28
28
206
206
206
28
2
2
15
4
4
4
2
2
28
203
4
4
4
4
4
4
4
4
30
30
268
26
147
147
147
147
147
147
147
147
147
147
0
0
113
2
2
52
104
104
80
63
63
63
63
63
63
481
481
481
481
481
481
481
481
481
481
481
481
481
481
481
481
481
481
481
481
481
481
66
2
2
4
4
4
28
2
2
2
2
2
7
4
4
463
2
2
4
482
482
482
2
74
125
113
2
2
4
30
0
4
28
30
4
4
4
308
308
308
483
187
483
18
481
97
15
172
172
172
172
172
172
2
2
2
2
2
28
28
28
28
150
115
115
28
15
176
2
2
4
2
2
28
468
468
85
449
449
449
449
449
0
28
28
4
484
484
278
278
21
142
24
8
68
68
75
75
281
281
278
278
306
50
121
485
171
145
145
145
486
486
486
486
486
78
487
487
487
487
28
21
2
2
2
28
28
4
4
4
4
310
52
0
304
106
196
2
2
4
28
2
2
2
4
4
0
2
2
87
488
488
171
28
28
138
138
138
138
138
7
4
4
17
489
489
489
489
489
489
489
490
489
490
489
489
489
2
28
2
15
2
2
2
2
2
430
77
77
0
28
2
26
487
487
491
491
492
491
491
491
491
4
2
127
4
4
4
4
4
442
2
7
25
28
7
7
2
7
4
28
28
21
28
28
0
0
0
104
493
493
493
2
28
274
2
2
319
319
319
319
319
319
319
319
319
319
80
28
28
182
28
269
269
2
28
30
30
494
494
494
4
4
4
28
132
2
2
2
2
304
304
304
4
80
80
74
87
87
87
87
87
61
420
2
28
28
255
28
312
312
28
28
28
28
62
4
4
2
2
2
2
2
2
2
2
2
2
2
2
4
495
165
2
39
184
32
496
496
496
496
496
496
496
496
496
496
496
4
268
21
2
7
7
2
28
2
2
28
134
134
264
264
110
264
182
182
68
15
8
46
23
497
23
146
281
47
23
235
235
270
498
498
498
498
336
2
30
30
7
7
7
23
2
28
2
2
0
0
2
4
7
7
7
2
499
499
500
30
17
7
7
7
7
7
7
7
7
15
73
2
2
2
7
2
4
4
0
98
28
28
28
21
6
2
2
132
319
319
319
28
28
319
319
28
2
74
74
74
74
28
2
2
28
2
2
28
28
2
28
2
9
9
73
2
7
28
28
28
28
196
28
28
7
7
7
2
2
2
2
2
2
2
2
28
7
7
28
7
268
268
268
268
28
28
2
2
2
2
2
2
28
4
10
28
28
15
161
161
161
161
161
411
501
411
411
4
28
28
4
4
110
2
2
2
2
2
28
243
4
7
382
28
28
28
2
2
0
28
28
4
4
4
4
4
2
2
2
2
7
4
2
2
2
26
2
416
75
15
28
2
2
2
2
2
2
44
4
157
28
2
187
4
2
28
51
0
28
28
73
113
7
287
113
113
28
412
2
2
2
7
7
7
2
2
2
44
7
502
502
502
277
212
184
184
24
121
50
47
503
23
504
504
171
369
28
28
28
4
44
44
44
44
7
7
2
2
2
7
7
7
7
2
2
2
2
2
2
87
28
4
2
2
161
161
161
161
161
161
161
161
161
161
161
161
161
161
161
161
2
4
4
10
10
505
505
182
2
2
9
28
2
2
30
4
28
28
28
28
241
241
4
4
4
7
238
2
124
2
2
2
2
4
2
36
36
0
148
148
28
182
17
314
314
161
25
92
2
25
506
506
506
506
213
21
2
30
15
15
4
327
327
327
327
327
266
266
87
87
87
87
7
2
2
0
66
66
66
66
9
9
2
507
15
2
28
105
77
508
509
508
496
496
496
496
496
496
496
496
496
2
126
59
59
59
243
4
2
2
2
74
2
4
510
2
435
2
2
15
28
91
4
136
66
66
28
435
4
4
428
2
291
265
2
266
4
4
4
8
113
28
459
459
291
291
4
4
21
4
511
511
26
36
7
7
23
234
23
8
512
512
512
511
511
0
4
304
28
2
419
419
419
419
419
419
419
419
28
28
28
294
258
258
258
258
435
435
435
393
419
419
419
419
458
4
57
458
469
513
513
162
162
469
469
514
514
515
515
515
515
515
515
516
517
517
518
469
469
469
458
29
513
458
458
4
2
15
15
289
289
2
320
519
519
0
0
28
28
21
130
15
520
520
520
21
520
520
520
520
520
520
520
520
520
520
520
86
521
520
520
520
520
520
520
520
520
520
2
2
25
187
187
28
2
2
104
2
7
7
7
516
522
522
516
160
48
523
523
523
28
2
28
21
42
99
28
252
252
252
9
524
28
28
28
4
9
9
9
9
9
4
514
514
514
515
517
103
4
4
28
28
28
516
516
516
516
4
458
419
251
251
30
518
458
237
12
37
525
469
2
2
514
514
514
514
514
514
514
514
514
514
514
206
206
206
516
516
28
187
238
238
526
2
124
4
4
28
2
28
28
0
0
0
2
182
238
28
28
28
320
25
25
25
526
2
2
15
187
4
10
2
28
28
422
422
2
2
2
2
2
2
4
28
28
0
360
360
360
24
170
170
170
168
23
143
24
24
527
191
85
85
528
54
235
174
174
28
30
28
4
88
238
28
28
221
28
128
345
2
345
2
177
177
307
4
4
4
2
2
2
2
2
2
132
296
296
296
4
28
28
2
2
4
2
2
4
165
21
21
4
7
7
2
2
2
308
308
308
308
308
308
308
181
405
28
28
28
28
284
2
2
2
438
4
2
458
458
458
458
129
81
81
81
81
81
81
81
81
25
25
222
222
222
222
2
2
28
150
150
63
63
63
28
28
7
529
529
4
4
319
0
25
2
28
137
4
4
4
4
4
4
4
4
4
4
4
4
28
95
81
4
4
4
296
296
296
296
184
184
2
7
0
4
61
61
216
93
93
7
2
2
7
7
7
10
10
33
175
2
2
28
340
340
340
2
522
522
2
165
165
165
165
25
25
349
349
349
381
10
2
20
20
20
2
28
349
2
2
273
273
273
273
273
273
273
273
273
273
273
273
132
132
104
30
254
2
2
2
2
28
64
64
2
80
234
258
258
258
7
137
187
2
0
7
111
111
28
221
30
30
124
30
30
530
530
530
28
10
104
104
7
7
7
7
7
7
7
7
349
22
36
2
28
300
300
300
300
300
300
300
300
300
300
30
28
7
7
7
2
265
265
7
28
360
2
2
12
2
2
28
251
22
56
47
280
50
121
55
55
15
15
15
56
56
235
235
235
117
80
148
0
0
124
10
10
30
33
289
289
289
28
4
15
15
28
7
7
7
7
7
36
36
36
36
36
36
36
36
36
4
2
129
129
28
2
2
30
354
354
28
28
531
110
110
4
313
286
286
28
81
64
28
28
101
9
47
49
39
39
65
65
4
4
0
2
312
110
0
0
28
28
33
28
101
101
359
28
2
32
4
28
532
532
532
532
532
532
532
156
532
532
532
200
270
0
44
533
226
28
28
28
15
28
28
63
2
2
456
349
30
113
148
148
4
534
534
534
28
535
536
535
535
535
535
535
536
28
28
28
2
2
2
187
28
28
4
422
2
2
2
80
80
2
169
7
7
21
2
11
2
2
2
268
268
268
2
4
2
80
80
296
80
301
301
301
2
537
537
537
537
537
2
7
7
305
28
28
28
28
61
61
30
4
4
4
4
4
26
28
28
25
4
13
312
312
312
312
312
312
312
312
312
312
312
312
312
312
312
312
312
312
312
312
312
312
4
184
184
212
262
47
47
47
47
71
538
538
23
23
21
146
539
539
539
539
539
539
211
211
102
2
93
97
15
15
15
15
21
21
2
2
2
2
2
2
2
2
2
2
2
2
9
9
4
4
4
2
208
2
36
182
4
4
169
238
25
25
25
25
25
473
2
28
4
2
28
540
540
540
541
28
28
314
106
28
431
7
18
0
28
0
28
28
15
28
28
28
28
285
285
285
24
24
44
2
28
187
4
4
12
28
82
26
28
28
28
4
2
66
79
296
296
148
296
7
7
7
296
4
4
28
28
28
0
13
13
13
422
254
2
2
2
2
2
28
2
2
2
2
2
2
2
2
4
21
21
4
4
4
4
403
403
327
327
327
327
7
28
28
28
8
26
81
81
81
81
81
28
2
2
78
2
2
2
2
15
7
7
7
136
15
21
2
2
0
2
28
2
2
2
2
59
2
7
7
7
7
2
269
226
297
297
15
165
44
44
2
2
2
2
29
542
542
23
223
223
223
12
23
422
81
81
81
356
356
356
356
356
356
356
4
4
147
147
147
147
9
9
356
2
4
4
473
28
28
28
356
4
4
4
81
2
2
2
2
28
44
2
2
2
2
9
9
2
2
258
31
2
2
2
2
2
196
196
247
63
80
296
296
296
296
296
296
296
28
155
155
155
155
155
155
155
462
462
462
462
300
15
28
28
28
28
28
4
4
4
2
28
28
2
2
31
31
0
7
7
267
4
4
2
290
2
2
2
28
28
2
28
2
2
2
297
2
28
2
2
4
4
2
128
28
127
28
4
127
127
127
268
2
2
127
127
127
28
2
30
182
28
182
182
211
28
441
28
28
289
289
2
2
2
2
2
2
2
2
2
2
245
245
4
511
511
30
30
30
2
169
169
2
2
4
4
4
2
110
4
7
4
4
462
339
2
2
256
256
4
2
2
4
4
28
150
87
4
2
7
4
28
28
109
28
543
0
28
2
2
2
28
4
28
2
2
2
2
2
2
2
2
28
7
0
8
544
214
168
56
11
23
23
2
2
2
2
22
26
15
15
28
28
28
28
2
128
128
67
28
374
374
374
2
28
2
462
462
462
30
211
87
21
4
4
2
294
294
294
294
2
15
545
545
545
4
4
4
2
4
546
546
2
2
150
2
28
28
547
547
547
2
2
548
548
209
209
2
208
2
2
2
2
266
266
473
63
66
66
7
7
7
7
33
2
124
124
28
4
269
7
7
7
7
7
2
9
496
496
10
63
2
2
510
135
135
44
289
2
196
77
4
2
30
2
28
7
28
28
28
2
2
0
2
21
7
7
109
4
4
68
549
28
28
28
28
28
421
356
2
313
147
147
147
2
112
15
28
9
531
28
28
97
97
97
61
2
4
28
154
154
4
2
64
25
4
296
15
2
2
0
151
151
151
151
151
550
151
151
2
2
26
209
7
28
2
15
264
264
28
330
551
551
551
551
551
551
4
4
130
28
28
28
28
28
2
0
2
111
9
291
80
2
496
496
496
28
15
15
15
28
7
7
85
262
262
447
552
552
269
186
50
279
325
325
24
112
2
28
4
100
4
182
182
66
28
94
4
0
81
4
4
80
284
2
2
258
219
219
2
397
397
7
264
2
2
496
104
2
28
162
162
2
40
0
10
2
2
2
4
2
4
28
28
28
552
2
2
15
15
28
28
187
50
28
28
44
4
4
28
258
2
2
28
28
28
28
28
28
28
28
197
197
4
0
2
2
2
543
432
44
213
87
87
87
2
2
2
63
63
63
63
63
63
63
305
305
305
2
4
258
2
4
4
28
4
349
2
2
2
2
2
2
2
76
2
543
197
197
196
25
104
132
28
21
21
197
553
553
2
483
4
2
2
21
7
7
7
28
2
2
554
554
304
14
15
21
4
28
132
9
2
2
430
430
470
470
28
4
4
4
4
4
4
0
21
28
4
77
77
28
15
2
63
2
4
4
4
4
4
66
2
2
187
187
4
4
4
4
4
4
4
4
555
140
556
556
4
0
2
519
184
184
184
6
6
232
53
256
24
24
292
169
2
422
206
2
2
4
4
28
28
19
269
269
2
309
28
244
244
244
28
28
2
2
2
4
4
87
87
28
21
7
4
4
4
4
4
4
4
4
4
21
419
466
466
4
4
2
557
2
176
28
104
21
21
21
320
26
2
2
7
4
4
180
2
26
2
28
28
2
4
50
155
303
128
2
2
4
4
432
432
432
28
28
0
462
81
462
33
2
495
495
495
4
4
66
7
7
7
7
28
28
196
7
7
2
176
128
128
2
15
309
4
2
2
2
2
30
2
545
545
545
545
545
545
545
545
545
558
559
558
558
15
15
15
19
28
28
28
421
4
345
44
44
182
182
182
182
109
28
28
459
28
7
7
331
7
2
2
28
172
110
305
305
19
4
4
111
15
268
268
2
2
4
18
360
360
360
31
163
2
2
28
10
87
2
560
560
2
2
302
302
302
208
15
490
490
490
490
157
109
30
307
2
320
76
70
70
70
28
0
0
0
2
2
2
4
4
296
9
28
301
301
2
561
25
7
165
53
53
7
251
117
117
23
143
83
219
519
398
528
2
73
303
15
28
4
4
4
4
2
68
211
7
7
2
172
15
4
4
4
4
560
88
88
312
2
2
148
15
4
7
7
4
7
7
7
256
256
4
4
4
4
4
4
4
2
148
148
148
148
7
2
2
2
270
4
4
2
18
18
18
15
561
561
561
209
209
2
2
21
30
4
0
0
0
420
66
66
66
2
2
2
28
312
2
2
28
28
180
180
384
113
25
350
350
562
562
15
2
2
2
2
66
66
66
66
28
91
91
2
2
525
525
525
28
525
525
525
525
525
7
7
0
18
74
28
28
211
4
110
342
2
7
268
2
28
473
2
561
2
28
2
4
2
209
2
165
165
165
165
165
165
165
165
165
165
4
80
80
7
7
66
66
7
2
2
2
15
2
0
175
27
0
0
2
5
60
363
363
251
56
24
24
98
563
563
7
7
66
66
66
4
66
0
172
172
187
4
2
0
0
2
2
2
25
4
28
340
435
4
7
7
7
2
2
2
2
564
564
564
564
4
2
25
301
301
328
328
69
2
2
15
15
314
485
485
485
485
485
485
485
485
2
2
209
28
2
2
7
232
340
387
387
28
4
4
76
2
2
2
82
2
2
2
4
70
70
148
25
15
25
25
28
28
28
28
28
529
529
193
28
432
432
432
0
0
28
28
28
30
302
302
2
269
4
28
2
28
28
36
70
7
7
2
2
4
4
4
4
4
54
4
4
2
2
2
2
99
99
0
0
0
39
76
4
4
4
4
4
94
94
287
201
2
87
87
4
4
4
4
28
28
28
565
565
2
2
2
2
28
2
28
28
31
31
109
109
4
4
31
31
2
2
309
309
309
129
565
10
104
104
104
248
263
142
146
318
60
146
21
171
28
252
28
28
28
28
74
87
28
28
28
28
28
4
4
4
4
4
4
444
444
302
302
302
2
70
70
0
2
28
28
28
2
2
15
132
132
132
132
0
2
196
196
28
2
28
104
2
80
54
104
2
297
230
230
66
66
66
0
0
4
4
4
4
379
379
379
379
435
16
4
4
4
4
2
77
561
127
9
25
25
25
25
564
564
564
564
127
2
2
78
78
78
26
327
327
327
0
327
327
327
4
4
4
21
28
2
2
2
25
566
566
566
566
566
566
566
566
566
566
566
566
566
566
4
4
4
461
461
28
28
66
66
66
66
66
111
44
28
77
182
4
4
7
2
2
0
0
0
0
15
25
25
25
25
25
25
25
25
25
25
25
25
25
15
567
567
567
567
87
68
4
4
2
4
4
4
303
4
4
4
4
4
4
28
343
309
2
0
0
0
418
259
30
30
4
2
2
2
2
2
2
2
568
568
568
568
196
196
196
392
392
148
2
2
7
569
569
2
7
184
197
197
23
209
268
268
268
268
268
2
2
2
2
531
531
28
203
473
304
304
304
21
21
28
2
2
4
28
2
2
2
2
4
4
211
2
2
2
2
570
2
2
2
555
2
2
4
87
28
486
571
571
571
572
571
4
573
573
375
375
26
221
363
251
251
251
355
355
355
355
355
355
355
355
355
355
355
355
24
22
279
417
50
50
23
21
21
574
574
574
574
15
2
2
2
28
2
28
28
28
4
4
23
19
28
28
4
4
28
28
274
274
259
575
575
575
575
232
232
28
28
28
2
2
2
4
68
68
2
2
395
28
4
28
0
374
28
7
7
7
7
157
196
196
2
2
2
430
28
104
26
4
576
576
25
331
0
28
127
2
2
2
2
2
2
211
211
211
2
467
312
28
577
577
578
578
462
28
2
4
258
258
28
4
28
28
28
28
533
54
163
2
524
524
553
150
2
363
363
363
157
7
87
2
2
162
570
570
570
570
570
570
570
570
87
2
353
28
381
44
386
386
31
31
31
28
7
10
10
2
2
0
0
4
66
28
2
2
8
7
430
106
73
4
382
382
382
382
28
0
0
30
8
460
4
28
548
209
66
2
2
15
7
237
28
141
64
64
64
64
217
579
579
7
7
7
23
21
21
121
143
21
23
21
152
44
44
106
213
213
213
213
28
177
4
104
7
312
87
4
379
2
187
28
2
13
13
0
28
2
2
2
2
28
28
28
44
44
44
44
2
28
28
77
77
569
569
21
21
2
2
580
580
580
25
25
25
25
25
581
581
581
581
581
581
581
581
406
406
28
28
4
581
4
4
267
4
4
4
4
197
15
15
21
582
7
44
44
44
44
44
44
44
44
44
44
44
44
44
28
9
0
7
7
7
7
296
296
18
2
2
2
2
2
28
4
7
291
12
4
80
2
265
28
197
28
28
28
28
28
4
2
15
28
2
2
2
2
28
4
4
273
273
273
4
28
7
266
266
2
7
2
10
10
2
2
2
583
583
583
583
273
2
28
73
101
101
28
543
543
4
584
584
584
64
64
28
407
2
2
2
557
557
557
26
26
30
0
477
477
477
111
111
111
28
28
66
2
2
2
28
7
26
15
21
379
56
60
212
24
146
21
26
19
49
318
318
24
436
436
224
112
149
494
494
445
395
395
395
395
307
302
25
25
2
2
28
7
7
7
161
161
161
2
36
36
36
2
161
2
221
7
182
7
7
7
7
175
172
172
172
4
370
28
28
255
15
475
4
255
255
255
28
269
269
269
269
269
269
28
28
28
583
583
583
452
583
583
583
583
583
583
583
583
583
583
583
583
583
583
583
583
583
583
365
365
496
496
2
2
2
2
269
269
269
269
126
125
125
125
125
2
2
2
2
4
4
2
356
4
87
87
7
7
7
7
7
7
28
28
4
59
544
2
578
449
449
449
28
66
7
2
259
259
259
4
4
87
28
28
28
28
28
28
28
28
28
28
28
28
28
4
307
87
87
258
258
258
4
4
182
266
266
266
303
28
28
266
202
28
28
28
7
15
82
585
585
4
28
109
109
109
2
2
2
2
272
28
2
28
28
586
2
169
169
587
2
4
106
28
4
4
28
104
152
241
241
15
4
4
132
25
177
2
2
4
4
0
4
550
550
536
303
303
303
303
303
303
303
303
303
303
303
303
303
303
303
303
303
303
303
303
303
303
303
303
303
303
303
303
303
303
303
303
303
303
0
0
0
177
7
4
28
226
312
4
4
92
200
80
80
28
82
256
256
256
256
256
256
256
256
256
7
184
128
128
30
549
28
28
2
28
20
2
2
28
28
28
28
28
258
28
117
187
28
588
28
28
589
129
13
13
13
182
182
182
44
80
402
402
438
542
243
378
378
15
563
121
121
47
590
590
590
7
28
4
28
2
4
15
4
7
7
28
15
7
94
94
94
94
2
7
28
28
28
28
28
193
28
204
2
2
69
2
171
28
28
2
330
330
197
197
197
197
197
197
2
28
124
0
28
21
77
77
7
2
2
2
591
591
7
39
39
39
2
196
196
196
9
196
196
196
196
30
30
4
117
309
309
309
309
309
7
309
309
309
26
132
30
2
2
2
9
9
4
226
30
9
182
28
33
312
81
205
205
205
205
205
205
205
205
2
2
12
5
15
114
114
28
9
4
4
4
4
4
4
4
4
4
4
4
4
4
4
4
4
4
4
4
4
4
4
4
4
4
4
4
4
4
4
4
4
4
15
2
2
215
592
592
592
269
269
269
269
4
4
593
593
7
440
440
440
104
269
4
69
4
2
2
80
80
4
4
4
4
304
304
21
87
87
28
28
28
28
28
2
2
2
2
121
121
15
2
4
525
525
28
28
104
2
2
28
0
2
2
2
2
2
2
28
28
328
328
197
28
28
28
2
2
416
70
70
28
28
28
2
7
2
307
307
307
74
74
501
501
501
501
528
502
262
262
53
207
98
19
23
121
12
445
332
594
594
594
28
4
370
370
462
462
15
15
304
15
44
44
44
44
106
28
28
2
2
536
536
156
536
127
215
327
327
87
4
111
176
2
2
2
26
4
4
122
2
2
2
176
462
462
196
196
211
302
28
28
28
28
15
269
28
37
4
28
21
2
2
2
28
552
28
28
33
4
4
4
2
162
2
162
162
28
36
36
28
87
312
28
28
28
2
2
28
559
343
595
70
595
595
595
595
78
78
80
2
30
435
204
204
204
28
28
28
296
296
296
296
330
4
340
340
0
2
109
7
522
522
522
2
4
596
596
596
596
596
279
2
4
202
32
12
597
266
266
266
7
2
28
2
2
2
2
4
268
268
268
268
26
112
112
186
186
347
37
117
117
48
358
318
62
171
171
503
503
503
503
503
503
7
28
598
28
28
28
28
28
2
2
2
2
2
2
2
2
31
157
4
4
4
2
419
213
4
2
2
28
28
28
28
30
2
4
2
412
2
28
0
7
553
2
127
28
7
110
2
232
7
82
82
31
2
28
28
28
28
2
88
88
412
564
564
28
17
17
2
7
4
2
2
2
2
4
2
0
24
212
2
2
9
4
4
4
4
4
7
28
2
4
30
71
44
2
4
11
4
4
4
4
4
28
28
28
2
2
15
2
33
2
380
380
380
404
404
2
2
124
419
595
28
28
28
2
2
13
13
4
4
4
4
4
4
4
599
599
599
599
599
599
599
599
599
599
599
599
599
599
599
599
599
599
599
599
599
599
599
599
599
599
599
599
599
600
600
600
600
28
7
9
9
9
28
2
2
302
28
28
304
157
268
2
296
296
296
7
7
2
2
28
28
28
28
28
28
128
107
13
13
28
28
28
2
2
2
254
2
2
2
28
2
4
7
601
28
25
101
34
34
34
0
28
197
2
2
2
87
284
28
28
393
393
87
87
87
87
42
4
127
28
296
7
15
15
4
7
28
21
2
2
26
261
251
324
324
253
50
50
53
53
53
8
104
233
21
8
112
54
54
62
67
65
7
7
106
2
30
28
28
30
348
348
2
28
2
28
28
4
7
28
7
7
7
348
348
348
348
28
28
28
2
7
254
2
28
2
28
161
7
28
2
2
2
2
28
4
4
2
28
2
2
196
44
28
2
602
147
147
147
147
308
308
28
0
2
2
2
2
28
395
395
395
9
9
9
9
9
603
15
2
604
7
4
9
605
28
2
205
296
555
555
555
555
555
555
555
28
28
28
28
28
28
2
603
603
603
30
79
237
237
112
150
150
150
150
2
2
2
4
15
523
603
603
603
26
421
32
28
418
21
28
31
21
2
2
2
31
4
7
28
28
28
28
28
28
28
28
152
152
152
370
370
370
349
606
606
606
606
28
28
28
310
28
28
28
28
2
301
301
301
440
440
440
2
9
9
216
2
2
4
2
522
28
28
522
510
510
510
4
9
4
221
2
25
25
25
25
25
25
25
176
603
603
603
603
603
603
4
4
4
139
139
139
162
15
2
36
28
303
134
134
134
2
0
12
12
310
310
201
252
60
360
21
2
538
538
607
607
607
2
143
0
0
99
28
28
28
7
23
276
202
28
77
77
2
59
108
59
59
59
258
537
537
608
608
28
4
503
387
327
327
182
366
366
24
24
302
268
15
78
78
4
90
0
169
169
169
467
467
467
2
308
308
308
308
308
308
308
308
308
308
308
308
308
308
308
308
308
308
28
80
4
4
174
124
17
2
2
4
9
4
265
171
171
9
9
15
7
28
2
30
15
0
0
4
197
204
379
7
7
0
4
4
4
4
4
4
4
4
4
435
435
7
7
7
216
15
87
87
4
4
4
4
4
4
4
4
4
87
87
87
106
4
106
2
0
28
152
2
7
7
28
307
609
28
4
4
2
435
7
7
7
7
7
7
7
4
4
0
0
0
2
20
187
15
44
28
287
287
287
287
287
18
18
28
28
2
268
268
136
2
2
2
4
2
28
10
0
610
36
36
36
36
36
36
36
36
36
36
36
36
36
36
36
97
9
2
15
169
4
254
4
109
2
25
25
25
25
25
25
25
25
25
209
319
327
25
25
25
25
2
28
4
2
87
87
87
87
2
2
0
21
2
2
2
2
28
267
267
2
4
0
4
4
4
4
4
4
184
121
363
21
24
279
279
48
193
357
28
28
7
2
92
18
17
28
4
247
259
495
495
495
430
611
302
28
4
4
4
4
2
612
612
612
612
80
2
256
256
256
256
256
256
296
296
28
28
2
64
174
175
459
613
2
2
2
2
2
4
2
28
21
28
213
227
4
4
4
232
0
522
582
582
582
582
4
25
2
7
4
4
4
36
2
28
4
4
4
4
7
2
313
44
44
28
28
2
482
482
482
482
482
482
482
482
482
482
586
482
482
2
587
587
587
0
4
2
2
345
237
2
2
2
2
213
213
349
2
402
402
152
28
28
28
28
28
0
587
587
231
591
2
2
2
2
319
152
2
2
2
4
0
28
28
28
7
81
81
81
81
81
81
81
81
81
81
81
81
81
81
81
28
522
522
522
522
522
7
28
28
4
4
4
28
28
28
4
4
28
28
2
104
310
24
24
2
97
25
25
507
507
7
2
2
604
604
30
7
0
28
303
64
366
366
366
284
15
15
15
266
266
366
110
110
4
4
4
4
4
147
111
152
7
7
613
613
28
15
4
73
493
573
302
302
302
302
302
28
10
299
2
614
573
573
573
573
111
111
111
28
73
314
542
64
60
26
26
1
336
208
208
2
4
4
4
4
2
4
4
4
4
4
87
0
4
4
4
4
4
182
302
302
302
302
302
302
302
302
302
7
204
204
28
2
331
331
28
0
65
2
4
2
111
331
182
169
4
28
7
33
2
15
236
236
4
236
4
4
28
211
253
253
253
253
253
253
253
253
253
157
80
4
4
266
266
266
300
300
300
300
300
2
4
0
7
7
21
349
7
423
423
7
7
89
28
28
87
87
87
28
28
28
93
615
615
615
615
21
21
21
28
613
28
28
2
2
2
2
2
28
44
53
393
9
9
9
9
2
2
2
156
2
110
110
28
2
4
4
2
2
77
28
28
302
302
302
73
73
221
0
187
28
28
28
28
273
273
4
4
4
2
2
2
4
4
4
4
4
4
4
311
311
196
196
196
15
420
4
151
151
345
302
302
302
302
302
7
2
15
15
4
28
4
0
0
7
182
2
2
2
28
28
28
28
4
18
147
9
2
2
2
4
87
28
28
28
28
28
28
28
28
28
4
62
312
132
4
4
4
4
24
2
275
275
190
611
611
611
611
611
83
23
23
249
494
360
360
360
360
360
360
360
360
360
360
360
360
360
360
360
360
360
368
368
368
368
368
28
605
605
2
4
2
28
4
7
7
616
616
616
2
2
21
7
277
328
2
28
28
28
21
7
4
132
132
132
132
132
132
132
617
617
617
94
580
298
2
2
438
438
132
2
422
422
507
618
618
618
618
618
618
618
618
618
2
0
2
2
2
2
2
2
618
618
618
28
138
251
4
4
4
0
28
2
2
2
2
2
2
618
618
2
200
200
28
2
28
2
232
28
132
132
2
7
2
28
109
2
2
4
7
2
4
2
327
94
2
7
7
7
445
4
21
28
4
4
15
15
15
508
28
7
28
3
3
2
132
2
28
4
2
2
240
2
196
196
196
302
302
18
18
237
2
18
21
113
2
0
18
28
28
15
564
4
2
2
580
302
302
2
522
522
15
210
210
210
210
210
261
87
87
441
441
28
4
15
619
619
2
2
236
15
481
481
481
481
481
481
481
481
481
481
481
2
570
28
7
2
252
2
580
580
66
256
99
2
7
541
15
2
28
5
44
0
0
2
28
28
4
4
223
33
176
176
378
430
27
147
147
147
147
147
147
147
147
147
21
26
590
590
526
526
8
566
566
566
566
109
2
2
127
127
237
237
85
85
2
2
363
7
620
620
620
81
4
2
28
68
30
2
19
0
28
28
110
110
80
28
7
7
28
4
4
4
4
320
320
320
320
2
121
309
309
309
309
28
552
253
253
253
253
253
253
253
253
253
253
253
253
253
253
253
253
253
253
253
253
253
253
253
253
253
253
253
253
253
253
253
2
28
18
28
421
421
421
421
421
421
421
421
421
421
421
421
421
421
421
421
421
421
421
421
421
178
178
178
178
216
268
15
7
374
374
340
28
42
74
28
21
494
494
494
219
219
28
28
28
26
365
308
28
2
2
2
370
328
3
3
3
3
2
28
7
7
106
106
44
28
28
73
81
28
4
28
2
269
28
256
572
572
2
2
2
7
0
30
2
87
87
87
601
601
2
77
30
617
617
617
617
617
617
617
617
2
4
4
7
87
87
60
176
176
176
4
4
4
313
313
313
313
313
313
313
313
313
313
313
313
313
313
296
296
296
2
342
342
25
28
28
33
190
268
69
4
28
28
30
621
621
621
622
622
622
622
4
62
62
28
28
28
28
268
268
268
34
34
34
487
617
617
617
95
61
2
9
294
258
101
45
101
101
126
28
28
28
28
315
184
184
184
114
318
335
527
318
21
26
62
530
566
566
566
24
456
456
2
228
228
228
258
258
258
258
258
258
258
258
99
28
28
28
4
395
342
2
28
0
453
453
28
28
28
28
87
2
2
199
199
199
199
188
80
623
623
623
623
623
623
117
138
197
3
3
2
2
2
2
2
2
9
9
346
447
524
30
30
30
301
28
28
2
531
2
101
101
2
28
498
4
29
4
7
258
258
258
258
258
258
258
258
258
2
149
4
2
619
619
2
589
589
28
166
162
28
7
7
7
7
