0
0
1
1
2
2
3
4
4
4
5
5
6
7
7
7
7
8
9
9
9
9
9
3
3
10
10
10
11
11
12
13
13
14
15
14
16
16
17
18
18
18
19
20
20
20
21
21
22
22
22
23
23
23
24
25
26
27
28
29
29
30
31
31
32
30
33
34
34
34
35
36
35
16
37
13
38
39
39
40
41
41
41
11
42
11
43
44
44
45
45
46
47
44
48
48
49
49
49
49
50
51
52
8
53
53
54
53
55
56
57
58
58
58
9
9
9
9
9
19
19
59
60
60
61
62
62
63
64
64
64
65
65
65
66
66
67
68
67
69
70
71
71
72
72
72
73
74
74
75
75
76
77
44
78
79
80
81
82
83
84
85
86
87
87
87
87
87
88
88
88
89
89
90
91
76
92
93
94
93
93
95
95
96
97
16
98
98
99
100
100
101
101
16
102
102
102
102
102
102
102
102
102
102
19
67
102
102
102
102
102
102
12
12
12
12
12
103
104
105
106
107
83
108
109
110
110
110
110
111
111
111
112
113
114
115
116
78
117
118
119
120
120
120
121
122
122
123
83
124
125
125
42
1
1
105
63
126
126
32
127
127
127
128
129
128
130
16
30
131
87
132
132
133
133
134
134
135
136
18
137
138
139
140
141
52
52
142
142
142
142
142
143
143
143
144
144
145
146
147
147
132
147
142
142
148
148
149
149
52
150
16
151
1
1
152
152
153
153
154
155
155
155
156
157
39
39
158
159
159
160
161
109
122
162
163
164
165
165
33
78
166
167
167
167
168
168
88
169
170
169
169
171
171
172
173
174
174
175
175
176
177
176
178
179
179
179
40
68
180
180
181
181
182
67
183
92
92
184
184
185
185
186
187
187
188
188
122
122
122
189
190
190
190
191
190
192
193
194
194
194
194
195
195
196
197
198
199
200
199
173
201
164
201
202
202
202
203
203
204
203
164
164
16
16
173
173
205
206
207
207
207
208
209
209
20
20
67
67
210
11
11
67
67
207
211
176
176
122
212
212
115
212
212
109
213
187
214
215
212
85
43
43
82
23
23
216
19
217
217
218
219
118
220
221
222
66
223
223
1
224
224
67
225
226
227
227
99
164
228
164
229
230
230
231
230
232
233
233
212
213
39
211
85
234
234
234
234
234
170
170
224
235
173
173
236
237
237
80
238
80
239
50
142
142
142
166
166
166
166
240
241
242
243
244
243
19
245
19
246
19
164
247
248
49
49
49
249
249
249
250
216
251
5
252
192
253
254
19
255
256
233
257
258
258
258
258
258
258
258
258
258
258
258
258
258
258
258
258
258
258
259
258
258
258
258
258
258
260
258
258
57
67
261
261
261
44
261
262
261
55
192
192
192
44
44
44
211
49
6
16
263
264
265
265
265
179
179
179
266
266
267
11
218
233
233
233
244
268
269
233
233
3
270
270
267
116
55
271
22
268
233
233
272
272
121
18
18
273
43
18
202
202
274
274
274
274
275
67
109
275
223
276
276
276
39
274
274
274
274
277
278
213
279
121
121
280
280
281
121
121
109
109
109
109
282
282
6
283
6
121
121
121
121
8
284
284
285
285
285
285
285
109
286
287
287
44
173
223
288
289
247
290
291
292
291
291
293
291
291
291
291
291
294
294
295
295
44
295
296
297
296
298
299
16
299
67
102
176
176
176
151
151
300
256
301
302
302
303
304
305
305
306
280
67
19
262
169
307
169
169
190
190
205
308
309
308
309
308
308
308
1
1
267
28
187
167
310
311
312
244
244
244
313
314
127
127
315
316
19
317
317
318
317
317
319
319
173
320
307
321
321
9
321
321
322
323
113
324
324
324
253
157
325
326
326
327
118
328
329
329
273
330
330
331
331
331
137
137
24
332
333
333
333
334
144
144
335
335
335
332
8
336
336
60
8
128
1
1
28
28
122
337
257
257
257
257
257
257
9
19
19
9
9
19
19
338
338
65
118
118
339
339
211
211
211
340
341
3
342
343
343
344
264
256
204
301
327
127
327
23
106
345
256
82
346
346
208
208
170
219
25
109
222
109
109
234
347
348
347
349
350
350
351
351
352
353
354
95
95
353
355
95
356
95
357
128
358
160
359
268
360
360
360
360
361
361
149
362
362
137
42
42
42
42
42
42
42
42
78
363
363
363
364
364
365
364
364
364
365
364
364
327
364
364
364
179
364
179
315
318
318
318
318
366
367
368
369
367
370
367
371
371
25
372
373
374
180
375
104
360
376
342
81
212
342
377
162
162
378
379
198
198
159
380
381
381
381
382
137
137
55
302
116
312
312
383
383
384
384
384
385
385
1
16
16
167
1
386
387
388
388
154
154
98
117
389
100
390
390
363
391
363
392
392
393
394
393
393
395
396
396
397
398
399
400
209
401
401
402
116
244
244
207
277
36
39
403
404
262
3
205
67
67
67
67
67
67
67
67
67
1
67
213
405
187
67
360
324
324
406
407
408
409
410
410
410
410
411
411
412
38
17
413
45
256
256
328
102
288
414
320
39
320
415
320
320
320
416
417
417
418
418
418
419
419
356
82
159
159
159
159
420
76
421
421
421
421
406
422
423
423
424
425
408
408
426
2
258
258
427
111
258
428
428
428
429
428
19
19
430
431
431
60
432
292
292
292
292
433
433
30
434
435
435
436
436
105
436
436
436
437
438
162
439
233
358
358
440
69
19
218
252
441
218
218
442
170
377
267
341
12
170
387
61
387
443
30
334
334
243
363
444
363
445
445
446
267
447
164
55
448
383
121
449
450
449
401
451
451
452
452
405
315
102
102
453
453
454
23
199
455
12
12
12
226
12
12
12
170
12
12
170
456
12
12
273
457
457
457
16
458
458
458
459
16
164
233
127
19
19
19
19
453
460
461
460
460
460
462
462
117
117
117
140
140
140
236
236
213
236
142
142
463
137
174
332
332
464
464
18
465
329
423
242
466
466
466
140
466
466
466
466
466
394
305
305
305
127
467
468
442
469
469
270
270
136
136
136
1
195
102
102
166
198
470
170
170
377
170
170
471
472
473
473
473
474
474
474
474
475
476
187
476
476
150
150
477
478
60
318
318
318
318
479
479
480
469
318
481
109
329
329
310
378
248
303
303
482
68
169
436
54
483
484
484
484
128
485
202
486
486
486
486
486
486
486
487
488
44
44
221
221
221
76
489
489
275
490
491
39
225
297
297
297
492
492
19
493
186
187
494
124
124
262
1
1
436
436
495
495
495
102
496
497
498
1
1
325
499
325
105
37
500
110
501
501
128
65
175
170
68
56
502
503
503
504
504
503
175
172
49
127
264
19
104
104
102
318
318
124
124
252
505
218
218
43
419
419
67
506
58
507
508
262
405
509
510
500
511
170
512
377
512
377
377
498
513
513
513
513
377
377
284
131
239
514
514
515
515
63
63
433
516
517
0
518
518
518
12
338
44
44
235
519
132
519
341
341
105
105
36
520
118
390
140
139
140
126
330
330
330
334
239
239
2
2
5
489
221
221
227
227
227
227
443
443
443
443
443
243
76
76
76
521
253
253
253
116
522
522
195
523
524
524
253
525
253
237
443
526
526
526
527
123
481
371
371
285
285
528
529
413
30
530
530
233
233
529
235
531
531
531
84
179
179
102
102
532
532
532
532
405
30
533
533
533
533
298
150
534
534
208
208
110
514
377
1
304
304
304
535
536
536
536
537
409
409
164
538
538
538
222
222
222
158
539
539
539
312
243
11
320
363
540
540
541
542
543
543
32
544
213
213
545
121
87
87
327
87
87
378
496
496
14
340
213
167
167
167
167
167
21
21
8
16
22
434
546
546
546
547
547
547
547
137
137
462
462
192
192
363
363
363
312
312
542
548
548
548
549
549
23
187
450
450
450
450
212
328
328
328
328
328
328
328
328
328
328
328
328
217
517
530
512
130
123
362
183
183
496
550
341
222
222
222
551
551
551
551
552
552
552
552
529
413
179
154
154
553
553
553
554
495
342
495
555
555
102
248
248
447
102
102
296
178
556
6
556
556
556
417
45
557
558
559
118
407
407
46
216
216
181
560
121
121
266
561
562
562
562
563
564
365
565
565
565
565
69
69
566
567
567
256
568
568
469
569
569
569
569
407
209
325
325
148
186
186
569
569
447
300
365
365
365
365
365
365
365
300
407
570
296
571
262
572
572
106
106
106
232
306
266
266
266
407
84
84
84
19
573
121
70
574
43
288
43
575
551
576
577
577
578
412
233
256
579
187
303
439
580
580
580
566
566
566
566
17
17
17
581
581
581
582
583
346
346
584
584
461
121
585
286
143
62
367
528
528
528
528
528
285
299
283
283
502
502
502
502
383
383
9
586
547
547
73
73
73
587
50
50
239
588
588
589
588
578
578
590
590
16
591
383
342
342
342
109
187
187
592
592
37
37
37
334
593
594
594
18
481
68
504
224
595
448
448
448
448
448
596
121
121
121
23
516
516
516
516
469
425
218
369
312
597
598
359
359
359
175
442
442
442
599
65
82
82
481
481
481
341
159
600
520
601
9
9
502
602
602
603
56
180
180
180
180
106
604
122
405
192
605
606
606
44
44
342
342
28
262
262
364
607
607
608
607
609
609
23
23
16
102
245
245
245
245
245
367
245
62
610
610
118
90
90
90
90
90
453
255
253
253
240
177
240
36
35
36
36
315
299
63
323
106
220
611
180
180
499
248
213
37
612
374
374
321
321
166
507
507
613
613
479
37
532
148
148
324
462
614
464
326
117
589
392
589
615
616
616
616
432
616
617
618
618
618
618
618
619
618
620
583
583
621
621
621
621
621
183
600
600
104
622
600
118
358
623
400
346
1
624
625
625
450
626
441
441
84
84
299
615
161
164
627
109
16
628
628
499
499
19
19
383
457
84
629
6
313
630
377
1
448
297
367
367
367
68
621
248
248
621
631
631
224
224
632
632
632
632
633
633
633
633
633
633
633
633
633
342
225
103
37
419
387
634
150
366
150
635
150
150
106
443
28
181
181
636
636
303
419
419
419
611
245
634
361
416
637
637
613
19
107
107
399
399
475
638
344
256
19
102
372
205
487
213
213
60
639
639
639
639
627
640
14
14
541
541
372
541
641
39
642
642
642
634
383
383
383
611
419
419
494
189
189
293
293
293
341
178
204
204
216
216
68
68
203
167
167
643
643
644
643
633
633
216
609
609
645
645
645
547
547
314
15
314
314
586
586
586
646
646
647
647
648
648
648
648
649
649
649
423
423
423
650
650
650
650
650
650
650
650
435
176
651
104
652
325
6
6
6
613
187
213
112
653
84
213
109
654
654
304
654
225
596
75
596
655
656
656
243
243
243
150
30
194
30
30
358
52
405
405
657
658
659
30
660
658
28
448
658
658
658
301
301
232
661
68
384
68
384
662
663
310
528
33
203
8
1
498
647
44
120
664
664
665
665
665
206
187
666
666
19
19
667
668
170
434
669
669
1
1
643
670
643
671
671
671
127
654
557
342
342
170
342
200
287
621
621
256
617
617
672
235
502
518
518
518
673
673
482
482
8
482
482
412
674
674
187
482
321
140
247
247
304
517
162
675
675
676
334
334
546
546
43
394
677
677
678
678
365
161
99
105
105
105
105
25
535
361
469
107
106
106
106
679
680
83
582
582
582
169
169
169
681
681
600
211
672
499
240
8
115
115
70
115
543
682
682
682
458
476
476
330
109
187
233
187
187
377
262
262
262
262
255
683
684
82
593
327
327
638
191
327
327
327
327
327
327
327
191
287
11
672
148
685
685
685
684
684
684
684
187
187
187
28
28
251
686
686
80
80
570
400
289
289
532
67
67
211
187
25
687
687
320
688
689
125
42
125
125
125
125
125
125
125
125
125
125
125
477
125
125
690
691
125
660
692
125
1
279
279
279
279
502
679
550
501
654
654
27
605
605
693
693
694
57
695
104
696
478
696
478
104
696
696
696
594
106
78
76
622
186
379
12
697
698
44
699
532
40
112
112
112
448
508
403
112
614
614
700
24
701
702
701
703
137
704
676
137
331
331
140
281
402
402
567
621
469
469
705
159
159
602
412
248
248
706
187
481
707
481
708
708
305
709
709
305
187
248
625
625
710
710
710
297
306
711
712
703
362
60
296
296
577
367
473
254
684
35
19
19
19
19
19
35
414
35
30
30
212
22
179
179
170
179
179
179
179
179
179
364
56
435
37
395
302
57
49
252
713
341
16
714
715
714
714
714
714
716
716
405
405
717
717
387
574
227
30
315
622
106
106
213
195
195
528
718
479
174
60
719
719
105
105
302
720
17
218
41
32
32
32
721
721
363
668
722
723
723
723
218
724
724
725
725
725
469
52
621
621
179
17
290
290
258
253
253
253
621
621
469
469
469
617
418
617
302
726
726
726
19
19
6
211
381
307
727
727
727
728
728
728
729
730
730
730
38
731
732
732
728
638
638
327
638
638
733
733
414
734
18
18
18
18
18
214
350
350
350
557
327
327
39
191
11
327
191
11
735
735
735
735
736
736
736
736
736
737
583
18
194
234
456
234
234
234
234
234
234
66
164
314
738
122
122
625
567
361
14
14
319
319
82
80
38
739
740
182
182
182
182
182
182
182
182
257
136
136
253
741
101
19
537
742
743
743
710
498
498
498
162
162
482
162
162
576
187
18
605
16
16
441
441
441
441
441
441
441
441
441
441
441
441
441
441
441
441
441
441
441
68
77
744
745
44
44
186
186
63
634
746
747
747
747
747
748
379
669
669
30
749
349
349
349
750
175
16
43
396
187
187
751
751
696
696
310
310
696
696
696
310
310
696
752
752
718
753
248
248
556
30
556
187
222
67
67
67
67
67
67
67
67
67
67
67
67
67
67
67
754
755
755
106
106
106
315
194
194
555
301
109
81
109
109
610
583
70
40
177
593
756
756
273
756
109
109
625
722
248
468
248
248
614
132
731
731
325
325
87
87
688
757
757
326
136
136
136
758
758
759
18
137
760
760
760
761
73
761
761
761
147
382
762
763
566
764
764
109
109
17
483
101
208
457
652
627
621
194
765
765
765
111
111
111
556
556
280
280
213
478
469
469
469
225
67
766
766
767
766
493
766
310
766
766
768
766
502
284
258
97
97
673
673
675
769
101
101
182
770
182
182
262
498
101
194
122
432
771
113
620
772
773
310
773
12
774
774
774
774
235
43
716
583
583
775
68
262
605
776
776
306
777
777
698
698
778
574
99
779
391
437
780
780
780
780
506
781
781
781
320
206
782
594
206
19
19
19
19
225
225
184
783
783
783
184
184
184
184
184
184
184
184
184
184
180
784
601
315
218
785
785
571
513
412
453
453
786
786
689
116
44
19
19
19
19
19
19
19
745
745
745
745
252
787
787
109
109
19
187
187
433
433
1
788
788
789
790
790
220
253
791
791
791
399
137
513
792
793
159
794
240
240
240
325
104
621
506
89
248
172
248
359
359
359
747
67
515
795
30
0
599
601
481
495
481
481
481
481
481
481
481
180
481
235
235
235
23
443
581
777
187
796
796
796
796
796
496
253
30
797
612
82
511
703
703
703
798
798
798
798
798
798
798
455
455
799
800
799
799
799
799
799
799
799
194
798
462
43
25
233
233
233
233
801
801
164
412
802
802
780
803
803
803
127
102
413
413
413
377
377
377
44
44
364
248
248
804
248
248
805
84
84
211
54
806
206
206
206
206
63
691
691
691
748
11
807
807
84
84
244
491
30
491
30
808
808
180
180
65
778
809
809
809
809
424
424
622
106
106
106
106
810
610
76
322
76
322
123
779
811
811
811
799
799
799
799
812
799
799
799
299
433
122
813
813
813
19
496
531
508
508
814
814
776
776
100
67
187
187
815
815
412
740
740
425
248
213
248
474
474
816
816
816
817
102
25
25
25
818
25
818
25
25
25
819
182
327
25
327
25
327
327
574
574
820
574
654
364
364
364
364
821
821
602
769
222
791
325
411
240
505
505
822
235
235
402
402
402
402
823
780
67
509
824
299
226
127
492
825
825
755
202
826
247
158
479
364
330
443
827
828
828
828
828
829
828
828
39
828
755
830
118
118
831
831
628
832
213
833
233
834
527
527
8
835
380
108
167
126
836
812
812
19
566
177
177
535
535
150
742
742
183
751
170
170
837
838
838
838
821
555
30
282
70
70
50
462
462
338
66
838
235
327
327
305
187
187
206
363
252
0
0
787
300
300
796
796
379
831
418
418
418
418
418
418
839
745
745
132
39
192
25
36
36
412
840
840
841
688
137
842
843
312
843
844
195
845
845
50
313
410
106
832
832
187
109
84
109
113
626
626
846
846
846
847
846
846
848
846
132
481
481
481
481
481
481
481
210
481
481
825
481
470
481
481
481
481
849
405
486
486
232
289
11
36
207
213
213
213
76
560
560
267
267
171
171
109
16
341
410
456
456
456
297
407
747
850
300
428
428
428
627
105
819
113
248
616
851
616
519
562
562
80
19
19
846
169
213
495
495
852
121
60
304
853
797
713
713
713
713
433
433
787
787
854
228
228
855
856
855
857
858
858
859
105
385
385
385
385
385
383
102
860
410
482
482
482
854
77
182
77
527
527
562
60
26
755
755
755
400
402
402
600
36
846
861
441
551
862
441
337
256
253
321
863
863
863
863
863
863
863
863
863
863
863
863
262
864
222
222
865
865
865
565
503
21
199
199
633
173
866
143
143
676
677
791
791
161
397
351
867
867
867
867
720
19
854
854
412
104
456
868
852
852
1
37
578
578
328
328
328
328
869
869
869
32
32
32
32
596
268
267
496
377
500
23
500
1
739
172
136
136
647
32
256
596
256
870
871
744
872
602
602
873
873
217
255
255
255
377
377
428
19
19
512
512
512
512
46
499
102
479
80
310
310
482
36
208
874
128
350
213
213
325
39
39
211
211
875
420
420
420
420
420
239
876
876
876
876
18
107
107
107
19
877
873
107
873
232
878
879
880
267
11
846
846
846
831
831
741
450
450
450
304
881
68
409
878
878
882
69
634
108
108
883
884
116
116
116
372
885
886
885
886
885
885
781
781
213
213
887
823
823
823
312
180
109
109
888
888
888
888
391
288
385
835
381
180
89
374
558
304
304
770
113
113
122
19
106
889
889
728
513
513
136
890
137
890
546
546
335
335
335
675
675
675
16
423
423
891
891
213
272
272
68
892
600
893
835
894
187
116
116
638
638
638
488
488
488
771
600
672
672
672
672
672
672
611
611
86
86
86
0
811
121
307
835
835
568
538
833
672
672
672
672
895
895
895
327
212
70
896
807
424
424
448
448
897
624
898
492
899
481
481
481
481
254
412
900
170
140
601
140
313
313
420
420
420
225
228
44
778
487
714
901
902
902
901
654
497
77
307
528
315
3
110
365
519
903
904
532
400
905
84
84
84
616
616
616
616
906
907
500
377
432
159
227
248
215
908
908
908
667
257
257
257
208
909
22
113
39
253
486
910
701
910
218
140
140
493
911
912
912
825
825
327
489
489
122
289
122
122
913
913
67
262
262
101
101
621
621
679
812
142
914
330
330
915
915
915
1
1
478
478
478
916
916
916
668
668
668
668
668
199
276
917
63
437
482
887
181
211
887
918
905
918
918
918
918
918
918
918
918
918
284
840
918
94
918
919
918
44
883
920
920
920
867
462
66
218
498
544
498
264
264
301
44
867
356
186
19
248
449
921
449
118
625
601
892
892
108
106
605
305
109
566
339
101
522
522
922
76
310
217
888
888
654
652
652
923
923
923
923
924
924
594
594
594
594
16
161
481
481
481
481
481
481
481
836
836
162
222
98
654
654
654
654
654
327
364
925
925
68
654
654
678
82
509
926
926
548
381
381
327
327
327
414
64
178
89
89
377
927
927
927
927
927
297
228
228
228
228
109
417
913
483
221
221
221
221
593
391
696
776
655
0
928
0
377
377
498
424
222
278
929
1
36
128
390
288
46
46
930
930
542
142
463
669
669
669
650
2
186
235
106
106
377
106
931
255
627
297
297
297
385
385
102
102
102
176
11
187
19
85
109
787
7
169
169
164
686
932
932
68
247
933
784
784
784
528
66
66
102
68
469
469
106
19
672
672
672
535
535
377
42
63
751
751
626
532
391
16
934
233
553
455
600
106
182
634
244
244
751
244
30
227
935
306
306
306
306
306
306
306
306
306
306
306
306
306
306
306
936
937
938
435
789
435
186
186
602
207
207
399
913
939
939
852
54
131
131
36
580
580
528
502
502
940
672
206
941
672
672
189
778
571
942
323
437
377
358
943
583
943
943
615
943
448
48
48
944
944
944
944
945
92
195
182
253
377
225
225
225
225
225
519
519
683
775
942
217
106
894
173
751
143
187
109
877
122
122
299
364
744
487
744
311
819
744
744
744
744
729
540
155
155
412
412
296
807
946
276
486
486
469
469
548
548
420
412
947
947
947
826
820
820
820
615
235
676
136
792
792
792
167
711
107
304
19
19
19
948
949
949
949
949
19
654
507
905
551
459
19
19
19
19
19
950
869
740
217
740
740
740
424
2
527
740
913
913
778
192
521
102
20
181
183
183
131
320
320
753
951
951
951
951
817
817
558
70
164
159
952
953
953
953
953
953
953
953
953
953
33
33
82
493
493
493
493
436
25
599
599
954
663
601
919
94
94
276
582
489
955
955
955
503
739
765
778
18
819
819
44
44
44
44
400
18
69
69
174
545
545
545
212
498
8
956
901
956
956
861
577
924
106
799
106
320
310
957
957
169
496
271
417
324
760
418
958
959
418
37
37
37
248
248
404
30
106
106
113
106
849
960
960
960
14
843
843
322
171
849
849
771
849
849
849
849
738
849
717
36
36
487
248
923
961
961
962
962
720
470
583
963
14
117
197
964
964
964
319
377
334
96
187
965
46
404
404
409
68
577
303
477
70
122
385
44
382
382
365
44
864
864
496
253
686
966
966
966
533
533
861
533
967
217
533
967
968
968
443
443
528
528
528
19
594
300
654
654
750
750
750
969
969
106
106
654
862
810
865
862
862
862
862
369
970
862
862
862
862
862
862
862
865
862
862
865
446
862
971
234
862
862
862
862
862
972
862
303
303
341
469
207
375
375
375
654
654
773
310
924
105
169
97
921
424
654
606
78
654
654
819
469
627
627
311
414
247
262
215
283
248
661
661
654
255
654
654
103
103
103
653
67
41
973
973
973
974
974
369
2
377
210
496
212
975
975
975
975
975
975
976
976
976
268
446
54
976
76
76
975
527
977
233
773
737
737
373
530
30
978
978
978
170
170
170
695
695
285
102
102
301
456
685
58
473
765
419
979
979
364
413
980
320
70
339
84
981
192
686
73
73
73
982
982
982
982
105
344
502
921
983
393
393
43
108
440
440
440
630
19
984
984
617
817
817
817
458
458
367
367
367
367
284
495
106
985
985
985
985
574
574
320
1
306
235
986
30
922
19
522
119
703
363
60
563
563
563
537
563
563
95
106
9
19
106
359
987
987
987
987
44
54
950
54
377
377
950
377
54
377
54
502
502
54
703
418
703
703
840
860
436
436
824
263
263
899
899
190
164
228
988
988
805
187
904
377
305
924
924
262
262
498
498
498
498
498
470
772
772
575
159
159
421
421
424
107
989
989
989
574
574
574
81
81
499
990
990
990
479
479
1
119
622
936
77
155
67
402
989
989
110
110
991
991
992
627
413
413
413
993
993
669
669
669
669
411
994
994
358
8
363
169
169
172
173
173
173
173
995
995
763
132
132
33
33
33
33
650
650
198
996
996
442
113
303
39
169
672
11
734
647
410
384
170
104
54
113
571
997
18
99
684
980
998
16
128
784
44
225
306
121
8
873
873
164
956
956
956
229
229
806
806
806
806
806
806
806
806
806
999
999
999
999
308
999
654
1000
1000
78
1001
1001
1001
1001
1001
1002
1003
1003
892
892
869
869
735
170
1004
739
410
1005
1005
999
999
663
663
663
499
499
85
433
1006
296
91
91
406
406
406
406
406
406
406
623
623
19
167
167
1007
449
449
128
126
477
417
417
417
417
593
593
593
771
1008
1008
1008
1008
180
327
327
624
327
745
36
36
22
327
327
1009
1009
869
102
102
19
284
102
785
284
284
284
284
102
102
102
470
102
470
284
284
284
102
284
284
284
284
310
121
819
819
1010
1010
102
102
600
852
177
19
30
651
601
327
327
553
530
1011
1011
492
28
194
194
491
748
150
325
325
325
1012
1012
19
19
19
19
19
19
19
758
758
325
325
314
1013
1013
138
394
18
47
759
759
143
397
360
225
1014
1014
1014
11
997
342
950
244
244
213
788
107
1015
304
1016
206
457
587
587
416
554
554
469
741
1017
1018
1018
1018
797
211
1018
1018
218
19
19
19
654
654
1019
1019
1019
407
581
84
825
825
825
825
825
825
825
825
825
825
825
825
825
825
825
825
825
256
950
19
60
60
213
509
247
879
485
327
327
457
385
150
527
106
1020
106
311
106
377
832
832
203
1021
1022
1022
1022
187
194
194
289
320
671
671
369
483
327
11
26
638
92
371
371
19
19
419
419
1023
419
1024
262
469
469
297
866
1003
10
14
106
1025
1025
1025
420
311
311
137
94
719
94
310
310
446
1024
1024
1024
1024
516
919
919
751
432
498
427
30
30
30
441
778
778
778
1026
109
109
1027
945
3
11
1028
1028
946
494
946
835
310
310
248
248
248
248
432
248
248
248
248
248
248
1029
1029
1029
1029
1029
1029
1029
1029
1029
1029
1029
1029
441
1029
1029
1029
1029
1029
2
421
474
468
468
468
468
833
615
615
675
675
136
589
530
977
973
973
973
548
548
921
921
877
877
819
213
403
403
403
347
121
64
383
732
732
732
670
670
310
444
315
161
622
583
263
817
263
105
110
950
42
187
187
484
446
446
1030
1030
1030
1030
1022
1031
1031
814
621
490
274
690
690
690
690
443
979
583
384
384
213
274
274
969
170
170
170
170
36
694
912
1032
11
1032
44
44
182
346
57
755
420
297
591
591
691
208
495
471
16
303
377
630
630
482
360
771
54
380
54
54
54
54
1033
235
235
165
165
244
347
120
120
962
962
19
480
44
44
44
44
19
44
76
76
123
44
76
76
248
76
1034
76
882
76
248
76
76
692
76
76
1035
76
539
877
19
19
687
874
302
654
448
336
1023
287
1036
1036
1036
852
531
180
180
180
180
180
711
711
711
711
711
949
264
70
70
70
107
248
954
954
954
954
296
871
871
106
184
184
184
184
297
1037
213
235
424
660
235
1038
483
284
654
654
654
654
483
483
98
995
746
746
746
734
14
327
859
546
647
397
173
173
1039
1039
1039
635
180
1040
173
310
310
486
102
851
627
1041
595
595
595
595
121
374
655
717
717
621
1042
1042
1042
162
162
244
244
1003
1003
821
821
821
820
820
621
621
6
413
413
1
495
429
429
553
553
123
469
865
65
992
992
992
121
130
130
338
763
950
19
19
19
19
187
151
151
306
1043
487
1044
652
719
1045
109
187
507
432
248
477
477
477
477
1010
104
104
19
170
25
693
1046
1046
1046
1046
1046
1046
921
825
1047
1047
1047
1047
1047
1047
1048
1047
1047
1047
1047
1047
1047
1047
1049
1047
1047
1047
612
1047
1047
1047
1047
1047
1047
1013
1047
1047
248
248
486
486
486
745
528
751
1050
896
1050
1050
1050
11
1051
1051
1051
58
1052
1052
1052
590
638
248
248
248
450
875
875
1053
1054
1054
1054
1054
1054
1054
808
711
711
456
456
456
456
456
456
456
456
456
456
456
456
456
456
456
456
456
456
456
456
456
456
456
456
456
456
456
456
456
456
456
1031
1031
611
213
213
213
213
213
213
213
213
213
213
542
136
166
546
676
1055
745
183
541
428
428
428
657
703
950
950
950
54
950
980
356
339
703
703
213
213
1056
1057
1057
1057
388
68
68
68
68
68
68
68
68
12
1058
687
278
981
1053
1053
1053
1053
325
325
399
521
42
42
642
642
113
127
571
308
80
54
54
54
54
54
950
54
54
380
54
180
180
377
377
194
194
194
1059
1059
79
79
79
79
79
79
79
79
79
79
79
79
79
79
79
79
79
79
79
79
79
825
79
470
79
79
79
710
79
79
79
79
284
79
79
79
79
79
79
825
79
79
79
79
79
79
79
79
79
671
671
671
399
619
32
196
358
70
70
70
70
1060
1060
1060
1060
1061
1062
413
367
367
107
25
1063
1063
830
864
908
908
908
908
908
908
37
37
248
457
0
469
469
288
1064
1064
1064
1064
441
441
441
441
441
441
441
441
441
441
441
441
441
441
441
441
441
441
441
441
441
441
441
441
441
441
441
441
441
441
441
385
441
441
441
950
469
106
975
441
441
441
1065
441
441
441
441
441
274
441
441
812
441
441
441
441
441
102
605
939
939
979
1058
481
481
106
904
561
1066
377
251
151
376
376
150
944
944
67
473
473
194
306
246
246
262
2
2
902
172
772
235
235
235
235
404
297
1067
1067
1067
830
1068
1068
1068
1068
1069
469
0
591
19
19
724
724
132
596
535
109
303
19
305
545
545
1070
1070
1070
19
1070
569
0
0
481
0
432
432
432
432
30
44
44
44
44
44
44
44
44
44
44
44
44
1071
281
480
598
598
598
137
94
94
203
583
617
1038
1038
1038
1038
672
1035
338
1072
1072
1073
1072
316
1072
1072
649
44
1074
725
725
98
98
98
701
18
647
1075
1075
647
647
440
440
470
470
470
470
470
470
470
470
470
470
470
470
470
470
470
470
470
470
470
470
470
470
470
470
470
470
375
601
601
657
657
657
797
1076
1076
225
225
225
566
566
36
1077
1077
1077
825
825
825
611
91
164
91
950
950
950
167
503
108
108
950
911
950
911
911
911
1078
1078
1078
1078
208
911
1078
1078
49
377
465
465
167
775
755
184
377
177
235
235
235
446
446
1079
1079
1079
715
76
76
469
931
931
1080
1041
118
254
254
254
254
254
496
1
469
363
363
561
300
936
113
469
469
469
469
931
931
771
675
448
410
1079
1079
975
1081
1081
1081
264
1077
19
19
9
9
9
1
1082
1083
304
469
469
1079
411
33
933
933
982
315
109
211
211
211
211
211
1005
185
54
54
54
54
771
771
717
776
432
604
691
691
865
628
469
1084
350
341
351
705
364
364
364
364
364
672
1085
180
1086
811
811
619
528
528
122
684
79
470
470
470
416
572
548
548
530
54
470
606
1085
109
109
109
1079
369
1087
263
705
705
527
527
8
828
39
49
1088
1031
1089
91
1090
91
91
91
373
373
884
884
884
419
419
419
419
116
248
248
248
248
248
390
533
327
327
327
327
327
30
323
142
348
784
784
19
469
861
861
861
861
140
541
541
641
551
551
551
551
1091
1091
102
102
102
359
594
360
106
106
539
854
1074
68
1074
527
799
495
187
364
212
320
142
142
542
542
199
1092
1092
1092
1092
1092
406
1092
1092
1092
1093
1093
137
1094
1094
1094
1094
1094
1094
1094
1094
1094
1094
1094
1094
1094
1094
1094
1094
1094
1094
242
44
551
410
749
369
369
406
406
406
406
406
406
1095
1095
406
1095
406
1095
406
640
784
102
39
39
1096
91
91
380
577
723
895
248
19
248
322
217
763
110
306
41
377
259
259
259
259
259
259
448
462
686
686
437
112
742
742
742
989
1097
1097
1097
1097
558
997
248
1079
94
436
1098
681
869
869
1042
1099
313
1099
298
298
495
359
558
615
615
25
372
67
1100
1101
1101
1101
372
372
310
577
56
496
122
619
619
416
19
19
19
19
19
561
109
33
476
854
82
82
222
1090
728
854
1102
1102
1102
36
39
1103
1103
36
36
36
231
231
19
19
1083
1083
1083
94
36
36
187
54
54
54
54
54
54
54
54
54
267
13
13
315
412
869
869
1104
896
869
869
102
164
1105
1106
1105
1105
94
289
556
905
905
799
1107
109
152
67
619
619
1108
528
502
303
303
303
804
804
44
118
105
123
105
436
436
436
944
234
456
456
456
456
1109
1109
541
541
574
751
1085
1085
260
260
969
128
948
948
916
916
916
480
1009
478
468
478
966
478
672
468
468
25
25
481
184
886
886
886
886
886
886
132
390
15
15
118
733
1110
981
981
589
464
1111
1111
410
147
676
100
410
23
23
990
990
474
474
145
145
1112
1112
498
498
672
282
807
779
1113
1113
1113
1113
1113
1113
1113
384
159
102
583
583
583
1017
1017
1
508
508
772
807
33
206
880
880
880
28
28
248
248
418
108
812
799
799
799
134
1114
1114
238
238
211
946
44
184
783
184
184
542
172
172
1103
1115
1115
1115
1115
1115
1115
1115
917
1116
184
248
248
54
186
54
54
54
634
128
499
911
911
367
817
583
583
1117
1117
310
1118
1118
1118
1118
443
481
481
1119
481
481
518
518
518
211
372
172
937
937
39
6
6
6
80
339
1120
1120
1121
1121
1121
339
660
30
371
958
211
796
382
382
382
421
474
137
1122
442
778
102
940
509
441
262
212
235
235
235
498
106
106
523
523
523
523
523
523
523
523
523
523
523
211
355
109
432
11
355
355
640
998
1123
1123
1123
1123
483
659
659
659
659
594
765
950
611
611
812
625
625
625
310
182
182
182
182
182
182
182
182
248
248
248
248
248
248
248
248
248
248
248
248
248
310
109
109
653
66
611
611
692
109
975
115
789
984
984
181
424
1112
1112
940
833
833
833
46
46
648
914
392
14
273
1093
143
173
489
489
109
527
527
387
100
107
36
36
599
1124
19
1124
1124
1124
1125
548
1124
1124
1124
235
247
787
65
102
102
483
653
653
938
1126
70
1085
106
413
1106
1106
708
708
481
481
655
563
563
563
563
728
60
350
408
354
354
354
354
1127
1127
1127
916
320
320
320
320
209
101
101
984
105
782
495
493
850
850
320
980
799
557
469
469
205
653
1128
19
248
248
248
248
82
837
424
1129
1129
1129
1129
976
109
299
355
824
408
20
1096
345
345
509
345
36
825
825
833
102
11
11
11
11
428
159
81
819
919
919
213
1130
1131
1131
1131
1131
402
402
544
268
349
1132
1132
1132
1132
1132
339
1133
1133
1133
797
1134
1134
799
799
799
235
219
8
744
213
744
354
285
1135
1135
1136
1137
710
710
710
710
710
710
710
710
710
710
710
710
710
710
710
710
710
710
710
710
805
114
304
304
304
1138
1138
354
726
574
983
983
495
160
428
305
305
525
456
456
476
11
1139
11
25
40
40
421
1028
1028
506
659
922
1028
1028
44
542
542
673
673
673
1056
652
73
73
73
73
73
73
73
73
73
436
436
436
562
562
562
211
318
211
998
170
54
68
358
1031
1031
54
42
124
495
54
54
54
54
54
54
916
54
81
81
469
469
469
469
211
211
44
524
880
54
1062
102
68
63
1140
1140
19
19
19
19
203
1141
1141
413
44
54
54
187
187
1028
1028
659
1028
11
11
110
19
309
309
14
14
577
577
577
577
577
950
950
22
22
349
23
620
620
620
1085
620
187
248
1028
1028
1028
1028
1028
254
1142
547
731
24
805
52
648
137
649
98
70
1106
1106
161
574
583
194
264
320
320
320
991
1143
1143
1143
1144
1144
1144
340
661
582
685
1145
550
1145
1145
1145
1145
1145
1145
1145
1145
1145
1145
785
383
82
818
818
818
1141
281
281
606
28
1084
869
172
958
958
340
61
61
699
217
699
903
699
699
711
711
185
44
44
12
1146
1147
318
1148
654
1028
1028
1028
1028
1149
1028
31
191
191
191
191
191
681
681
1119
1119
1119
49
49
268
1058
89
209
1150
976
377
377
414
414
622
799
799
799
1004
1004
1004
1004
921
921
31
31
19
1151
1152
1153
1152
962
1151
1151
1151
1151
1151
1151
1151
1151
531
1151
1001
1151
1151
1151
1151
1151
102
160
1151
1151
1151
1152
1151
1151
129
635
350
182
77
182
56
56
570
634
1154
1154
9
209
498
106
106
141
141
141
19
19
624
16
980
1053
1053
399
959
959
959
959
959
959
959
959
959
959
959
195
799
181
1155
105
258
905
905
596
596
624
624
361
112
516
287
107
679
508
508
44
67
790
790
358
1010
1156
1156
719
719
719
172
172
172
172
172
172
172
1137
1119
512
470
470
187
621
54
54
105
70
1112
18
181
1157
1157
1157
1157
1157
1157
1157
123
617
908
496
528
1158
1158
805
490
490
621
206
19
19
19
19
19
122
122
320
866
227
866
412
1159
1159
710
710
142
589
239
745
402
462
920
920
1084
91
91
1159
1159
0
0
710
710
626
372
1160
1161
1161
1161
482
101
318
318
318
571
713
1162
213
213
213
213
213
213
213
213
213
213
213
629
103
443
551
551
551
551
551
551
551
551
244
244
180
784
784
784
9
9
435
318
1085
978
966
966
49
601
400
527
527
527
948
9
9
549
741
383
1045
1045
1045
574
335
297
1163
1164
1164
1164
1165
1165
1166
1166
1166
1166
109
109
1031
1031
1031
1167
1167
1167
1167
478
26
171
82
82
417
583
322
453
827
873
873
873
776
987
816
621
109
68
68
2
28
793
107
1168
1168
907
907
824
824
824
824
824
824
824
824
160
912
57
667
667
927
67
67
67
67
1169
1169
1169
1169
1169
30
30
30
772
436
436
44
1170
1170
1170
128
908
377
672
907
19
342
413
380
380
380
380
80
954
954
213
498
402
44
44
44
44
44
68
44
1171
263
634
283
320
1172
1172
1172
496
496
873
873
374
105
105
1084
606
475
475
1173
475
778
1029
1029
1029
1029
441
441
441
441
32
705
19
44
920
508
1174
1174
1174
1174
1174
1174
1174
1174
1174
1174
1174
1174
1174
1174
1174
1174
1174
1174
1174
1174
1174
1174
1174
1174
1174
1174
1174
1174
1174
1174
1174
929
929
547
631
631
744
679
679
612
612
414
180
180
19
4
868
868
868
460
397
1122
136
136
136
273
392
1175
1175
1175
1175
1175
1175
1175
1175
1175
1175
1175
1175
1175
1175
1175
620
620
620
620
620
520
520
518
1150
478
516
1152
1152
44
442
442
682
682
465
360
360
1004
1004
1004
617
617
508
551
551
551
66
627
627
627
627
300
838
838
1069
1069
1069
1172
1176
1176
1177
289
472
655
640
123
123
655
655
655
655
655
372
372
470
789
496
496
496
1084
235
672
1178
377
377
377
377
377
387
407
245
652
1179
205
1179
573
573
573
350
507
482
475
612
612
106
672
30
77
570
926
926
926
19
19
19
19
743
992
992
743
325
406
406
406
406
406
406
406
406
406
406
655
655
776
887
11
141
729
729
854
477
477
477
477
477
477
970
970
970
970
970
970
970
970
970
970
970
970
970
970
970
970
970
970
970
970
970
1180
783
1181
1181
808
203
217
209
227
906
906
906
67
1182
274
159
1155
1
1
527
1183
1183
1183
372
1016
344
655
617
341
512
811
1184
469
769
32
66
902
902
825
825
825
1185
533
1185
41
1180
417
33
470
470
470
470
470
470
248
1186
1186
1186
1186
1187
1187
18
18
590
328
328
129
315
486
469
162
173
262
672
822
1165
1165
80
1125
1125
1125
1125
1125
0
182
182
627
1188
1188
758
138
132
390
140
14
1189
190
645
645
760
760
138
138
791
136
335
1190
669
395
395
395
1191
1191
1191
1191
1191
218
1192
1192
1192
1192
626
118
12
11
210
182
77
873
19
19
19
833
141
1184
817
297
94
1
262
894
1084
27
27
27
612
612
799
377
377
1193
1194
1194
669
769
440
1195
1195
935
1195
1195
518
908
908
1176
795
795
795
795
795
795
795
795
795
795
795
795
795
211
235
482
98
262
262
262
262
2
1042
771
771
1085
343
17
325
1192
1192
1196
1196
1196
1196
1196
1196
1196
627
244
467
19
19
19
19
19
1120
187
921
364
213
583
172
30
1197
481
213
213
524
1198
1198
374
374
374
374
1199
1199
1199
535
903
755
495
469
848
848
907
848
848
848
1200
848
848
848
998
944
944
621
487
441
441
499
30
63
63
1201
1201
1201
436
436
320
1202
601
222
212
67
67
817
817
817
380
692
692
206
370
245
245
370
1203
165
1079
180
303
303
709
454
861
0
595
595
595
595
240
478
498
283
283
751
751
751
751
751
751
751
751
751
751
19
1204
461
624
87
240
93
1205
1205
1205
1205
1205
1205
1205
1205
1205
1205
1205
469
743
118
604
604
604
42
42
110
131
857
376
376
954
954
308
954
621
621
190
117
15
87
137
50
890
1122
760
195
118
650
650
745
1206
1206
1206
1206
891
211
992
992
1207
1173
1207
137
495
502
170
170
320
320
341
527
1173
1207
1173
747
1208
1208
1208
1003
412
715
487
715
715
715
715
715
487
143
201
1209
1209
132
310
211
401
401
381
273
569
569
569
256
10
496
496
481
848
848
848
1210
1210
848
848
1187
187
1211
1211
1211
1211
216
179
179
216
39
213
553
553
717
674
846
369
369
1059
44
846
1212
1212
1212
1212
421
553
323
1213
1213
1213
248
1186
261
261
261
261
261
261
1015
279
279
102
279
1214
1214
1214
1214
778
569
261
446
42
42
42
42
691
319
404
448
256
268
456
456
456
456
456
1066
1066
1066
1066
691
1215
1216
105
105
308
1006
1006
1006
1006
36
1216
681
113
364
1021
421
418
248
318
318
1085
18
105
105
264
1017
527
160
1217
1217
1217
30
206
19
850
1218
1218
410
572
1071
176
78
954
8
27
1219
496
1220
70
765
436
921
880
182
967
296
19
76
138
928
1149
1149
201
776
604
770
776
776
857
246
751
751
600
1221
1221
1221
532
482
482
102
266
1222
1222
1222
757
586
1223
1223
589
335
136
646
1224
137
333
530
394
982
1026
1026
1026
623
102
102
102
102
487
487
180
44
61
819
819
1197
1197
211
446
671
446
446
764
1225
819
908
342
342
456
456
456
456
456
456
456
456
456
456
456
456
456
456
456
456
1
107
107
23
23
1226
1226
627
1
747
955
778
70
70
1003
107
208
1227
1227
1227
673
673
19
19
19
671
668
1062
805
432
432
432
432
44
508
912
912
320
1228
1228
373
621
211
1229
1229
456
327
258
182
364
1230
1230
1230
1230
587
543
624
198
170
170
869
869
869
869
869
869
741
741
1231
1231
1231
1231
518
227
849
0
1232
1232
1232
1232
1233
1233
1233
1037
285
966
629
295
593
1234
1234
1234
1205
1205
1205
1205
1205
1205
1205
1205
1205
490
354
309
309
309
681
873
500
500
500
358
55
54
1235
12
260
482
342
127
617
257
272
382
231
231
594
260
44
44
895
44
790
738
1107
984
1081
908
19
14
776
356
1139
1139
790
790
54
54
524
908
1236
1236
157
912
983
983
330
649
137
14
1237
1237
1237
1236
1236
472
44
817
150
512
91
91
91
91
91
91
91
91
1084
1084
909
794
1064
719
719
719
260
1147
1147
630
1089
1089
1089
1089
1238
901
149
1238
1239
1240
1240
896
896
1031
1031
1241
1241
1242
1242
1242
1242
1243
1242
1244
1245
1245
1245
1031
1239
1239
1238
58
1240
1135
1135
527
225
285
285
787
787
510
1246
1247
1247
867
867
654
654
174
362
39
1248
1248
1248
1248
1248
1248
1248
1248
1248
1248
1248
1248
1248
1248
1248
242
141
1248
1248
1248
1248
1248
1248
1248
1248
1248
1
1
179
967
967
857
212
2
288
162
853
853
853
1244
1244
1244
1244
334
134
1249
1249
1249
520
150
150
867
426
274
68
63
63
702
955
1250
659
659
659
19
1251
1251
1251
1251
1251
264
1252
1252
1252
1243
1245
287
263
263
248
248
248
1244
1239
1244
1244
852
1135
91
701
701
1245
1245
1238
721
25
80
1253
1031
180
70
1241
1241
1241
1241
1241
1241
1241
1241
1241
1241
1241
573
573
573
1239
1239
213
533
1123
1123
1123
0
1254
498
852
28
99
204
204
1184
1184
1184
178
621
668
400
400
75
855
364
364
364
1123
491
491
268
967
975
579
17
448
448
884
884
30
672
672
672
85
18
371
213
213
1136
951
951
951
197
1255
1255
1255
464
137
392
589
589
845
546
80
80
205
143
650
473
473
150
40
203
59
246
668
213
213
631
804
359
907
509
907
476
489
489
402
594
594
217
170
261
261
261
377
377
635
797
797
797
160
595
595
109
30
19
302
739
19
461
694
694
623
1063
1063
506
506
506
825
825
825
825
825
825
825
515
1052
353
448
448
448
765
847
1256
847
238
94
178
1135
603
1135
1135
360
413
413
413
413
413
413
413
413
364
364
1257
1257
1257
20
340
717
176
1258
1258
171
171
171
68
691
1063
1259
1259
263
263
1200
104
364
67
202
383
19
19
19
19
19
19
19
19
19
19
19
19
30
269
972
106
106
106
797
797
797
797
1260
1260
600
1213
558
498
165
165
607
258
258
13
262
1
1261
1261
1261
23
23
616
474
484
484
56
447
896
896
611
562
562
940
461
1262
1262
1262
364
364
1031
280
1031
213
213
70
1263
1263
1263
940
181
917
187
377
754
754
754
754
754
754
754
754
754
754
754
754
481
481
288
860
707
109
169
30
109
1202
173
173
938
998
649
1064
1064
1064
532
383
533
1
320
1073
311
311
109
631
703
703
703
703
703
1264
780
780
922
23
913
913
1069
1069
1265
1069
1069
1069
1069
1069
1031
938
1266
289
213
810
810
810
810
810
810
810
810
810
810
619
418
1267
560
1267
2
738
738
1221
108
1268
453
25
25
25
379
822
701
46
146
195
760
135
335
143
143
1269
1269
1269
147
147
650
650
650
606
361
180
696
696
339
23
23
199
616
859
859
859
680
469
164
164
181
847
1172
847
847
847
79
79
79
79
79
79
79
79
79
180
824
958
958
167
342
342
248
929
929
595
595
308
308
308
527
1270
111
111
68
234
173
306
306
422
369
133
1114
87
87
183
183
19
19
19
180
459
229
320
320
1212
1212
686
216
422
422
949
691
16
346
4
796
1271
1271
1271
1271
1271
1271
1271
111
1271
1271
1271
1272
745
1080
102
585
399
1015
1015
1015
315
315
419
171
1273
1273
1132
688
811
776
640
640
902
1274
1274
1274
620
1275
1275
1275
1275
1275
1275
1275
1275
150
150
150
1118
342
779
533
569
905
19
884
617
617
178
1276
1276
499
465
483
483
621
342
326
443
443
443
113
1214
1214
1
380
17
256
692
1169
692
322
322
322
340
1277
1277
1277
1278
1277
19
908
908
244
720
720
620
620
165
165
811
380
950
1088
1088
1088
52
68
68
638
123
32
861
861
861
310
861
861
861
861
861
861
861
861
1279
861
861
861
861
861
861
1279
861
861
44
1223
390
586
731
325
1280
1280
1280
195
1281
1281
166
890
337
1122
1282
1282
1282
1282
1282
297
584
584
1004
377
290
417
475
475
475
475
408
408
115
115
115
70
115
115
115
70
115
115
115
29
369
369
105
371
371
17
412
39
1266
621
469
469
465
668
364
364
364
364
654
1172
453
1283
852
500
857
1284
1284
1284
1285
306
75
1229
297
678
1100
109
41
310
167
1080
358
252
268
68
68
203
121
111
111
111
140
140
70
377
205
603
44
44
25
625
235
410
797
797
797
5
341
184
224
941
941
1286
941
1182
1182
1182
941
623
623
909
909
909
320
1287
1287
1287
884
707
1288
1289
1288
1288
1288
487
850
1288
1288
1288
1288
1288
798
377
535
557
399
123
123
123
123
1049
1049
869
869
869
869
869
654
8
8
14
462
413
413
413
413
413
102
109
109
218
61
61
61
61
163
1044
1044
1044
382
170
321
940
30
1136
244
150
180
180
180
180
738
1
487
310
487
487
355
441
399
904
904
233
461
102
102
510
510
318
318
58
460
460
118
633
633
633
825
890
884
413
413
413
775
775
775
775
775
775
775
54
377
1095
1095
1095
1095
20
20
775
989
54
54
1172
880
880
1215
775
44
44
44
413
30
30
751
826
213
102
110
1290
672
68
415
415
617
617
1064
60
284
284
779
512
44
1291
1291
697
477
772
941
941
941
1169
1169
1169
1169
531
427
427
427
427
427
427
427
1053
1053
1053
1053
810
163
248
248
248
248
248
19
19
19
211
1006
919
261
261
203
203
104
784
784
742
320
950
341
789
1162
1162
1162
167
167
443
345
1292
1292
1292
798
1293
857
1186
1186
436
217
244
359
483
881
351
272
881
881
881
1109
225
225
881
881
881
663
509
455
627
626
621
621
657
248
1119
814
814
787
787
377
227
495
377
377
377
491
472
491
180
683
683
950
884
884
625
625
625
532
1294
1294
62
6
436
105
105
779
946
123
368
123
123
1053
895
226
317
710
710
377
377
377
264
264
496
705
640
217
212
748
54
706
706
363
595
1295
320
680
267
267
267
121
107
121
506
507
211
1296
1296
1296
1296
1296
541
366
104
14
952
50
464
146
24
398
398
1297
1297
1297
1297
140
98
130
130
522
522
213
213
16
359
359
859
448
806
806
806
516
596
512
1053
1053
1053
40
689
671
192
263
263
225
794
794
794
794
747
78
1298
1298
1298
436
377
272
170
493
214
214
30
30
705
906
181
181
1299
1299
1299
278
162
1300
1300
1301
1301
67
412
16
16
16
16
984
984
1172
477
783
783
1069
1069
1069
1063
686
407
1254
1254
691
592
441
518
518
518
518
518
299
20
1205
1205
23
171
506
773
1235
381
381
102
859
0
1098
771
478
478
1003
495
706
310
545
545
545
512
512
374
30
253
583
583
363
469
469
190
1302
620
620
36
248
248
1303
775
1256
1270
1095
1095
1095
602
542
170
654
20
1304
353
353
417
417
417
165
244
161
213
934
934
19
484
173
364
296
1169
82
1144
1144
320
1305
1305
1305
1305
1305
1305
1305
1305
109
109
410
582
583
720
278
39
194
194
54
255
1306
1073
1306
1306
1306
1306
436
436
362
355
355
355
355
706
496
1085
732
414
1307
790
692
318
1205
1205
1205
528
33
33
33
421
916
248
965
731
731
1142
1308
1308
441
525
136
759
791
791
589
542
490
596
19
277
498
621
621
231
355
893
106
655
413
19
19
998
765
1292
1292
1064
615
615
432
235
235
248
248
109
12
1205
729
936
448
458
458
57
88
320
23
70
210
210
217
6
6
732
732
732
1308
377
377
386
439
879
803
533
136
372
372
262
1
186
528
1064
443
443
248
248
248
248
248
778
248
599
548
548
401
1184
178
178
2
1295
1102
102
587
671
671
671
213
213
213
477
477
477
477
477
477
477
821
821
821
2
19
719
11
1309
263
1309
1309
280
1292
1292
1292
1292
1292
1292
1292
219
566
1295
548
548
1310
315
611
601
179
447
447
548
1311
1311
1311
1185
527
318
28
694
784
784
784
248
713
713
1312
1312
817
31
233
524
217
796
481
1074
1074
1082
1042
1042
417
417
373
19
19
19
19
19
19
799
543
424
19
562
562
880
233
11
477
1256
19
19
19
19
19
783
299
299
474
767
54
54
54
54
54
54
54
54
1313
154
1314
1314
527
1071
122
1247
1315
1315
1315
10
10
1316
142
980
139
139
791
465
16
884
573
1150
1150
216
216
822
822
43
441
441
113
831
248
682
682
682
68
150
1069
262
1317
594
594
1193
1193
203
1055
172
1178
1178
1178
1178
1178
1178
1178
1178
1178
487
91
1159
1159
592
592
12
1318
751
486
1084
288
300
300
300
856
325
152
30
76
469
469
513
67
325
67
351
351
30
493
136
427
812
359
187
187
375
975
1102
1102
1102
421
421
1080
1053
1053
1053
616
672
1286
1286
1286
469
469
783
620
620
620
620
654
654
878
1182
1182
751
486
359
359
432
315
831
654
526
526
194
194
619
771
1298
1298
1298
1298
1298
1298
1298
1298
1298
1319
299
1319
1319
315
315
315
43
819
819
819
1303
107
907
102
102
956
956
956
956
247
1084
1084
44
68
366
450
1320
450
535
1321
1227
323
946
821
821
43
252
252
414
511
743
743
887
887
377
597
951
951
951
60
459
30
30
581
22
602
262
1322
1322
443
526
811
811
811
412
82
1323
1323
1323
1323
428
605
1003
402
222
855
245
1163
1163
1163
437
799
320
320
54
54
978
19
19
941
254
67
322
322
342
1324
364
819
461
142
142
819
910
330
330
166
392
237
615
1247
89
205
61
530
812
39
440
1034
1034
1034
1034
443
189
657
1001
1001
187
323
179
37
37
44
44
1322
246
246
551
30
379
492
425
512
1221
1221
1109
1221
1221
1221
1325
1325
1325
1325
1325
1325
1325
1325
1325
966
503
503
503
503
310
377
377
671
964
371
371
773
753
753
753
437
1324
1324
1324
1301
1301
30
432
543
63
1178
1326
1326
1326
1079
230
230
230
490
490
169
822
551
617
617
84
84
513
513
1023
776
327
920
920
1327
1327
164
495
495
495
495
979
979
979
979
1117
257
257
109
109
1253
1253
1253
1253
1253
1253
1253
1253
1253
521
521
310
41
358
679
769
151
248
946
897
17
76
1328
211
70
1329
887
1324
19
864
30
59
12
1301
109
461
461
461
461
461
461
461
461
461
461
89
1009
1009
671
671
184
184
1091
53
594
1150
438
491
310
474
51
1136
1330
225
7
156
963
963
701
146
140
140
273
138
138
983
983
184
184
184
184
184
374
470
470
767
44
187
1136
1136
109
1
1
365
377
986
1031
260
377
560
560
560
0
1011
600
132
1331
1331
1331
1331
54
1044
49
1332
1332
870
1333
193
30
30
207
207
1229
1190
1190
1190
1190
1190
1190
1190
1190
1062
1062
800
176
442
302
205
647
1031
1029
1029
596
480
480
219
936
535
8
235
303
303
303
19
960
960
898
565
425
565
565
662
662
662
722
722
1259
1259
547
265
1334
1334
1334
980
980
1335
1335
1335
63
1336
1336
44
441
94
796
1126
520
520
79
916
92
92
262
377
478
478
478
478
478
143
105
105
180
180
798
442
274
274
799
799
799
87
23
1337
1337
19
1337
1337
893
893
1010
559
315
367
367
123
123
44
44
448
583
357
1338
1338
169
500
500
500
500
122
213
213
60
60
605
605
123
594
60
695
469
128
831
831
831
958
1338
23
815
815
815
614
734
390
397
844
156
397
132
394
659
702
262
306
962
962
206
1193
1339
105
1339
1339
1339
19
19
19
19
19
19
1123
1123
1336
1336
1336
67
1163
1163
0
482
553
553
553
569
569
170
1340
1340
1340
1340
655
496
527
527
84
211
778
611
251
17
143
611
25
904
644
644
1341
1341
1341
180
180
479
479
479
479
1342
1342
1342
1342
260
34
186
950
54
19
1107
562
1324
467
1307
829
49
736
49
1331
1331
1331
1331
467
443
443
218
218
218
410
869
869
1104
655
869
869
869
975
975
975
543
173
1317
1317
262
39
1343
1343
1343
1343
1343
1343
1343
1343
1343
1343
1343
1343
1343
1343
19
9
9
1171
1171
810
810
184
184
184
184
184
311
102
774
593
621
19
19
310
187
187
799
799
799
799
315
327
327
327
327
327
327
327
327
327
327
327
327
327
434
1056
1056
1056
1056
245
1189
19
19
496
623
623
623
812
623
623
623
623
623
623
419
899
831
283
320
320
320
1077
723
619
619
186
3
3
70
70
70
70
495
1344
1344
1344
1344
754
754
754
1032
1032
503
880
880
310
994
994
49
76
253
548
548
118
276
743
743
743
743
743
426
11
11
966
1304
1304
248
570
1172
780
817
780
621
621
68
512
512
498
110
70
180
299
299
371
377
657
212
212
212
19
562
1293
1293
1293
1313
1293
170
493
1203
857
1191
1345
1345
1345
1345
1345
469
1027
1027
1002
1002
325
25
963
701
701
701
1346
1346
1346
1346
1346
1346
1346
1346
1346
1346
1346
1346
589
46
759
647
136
136
137
239
252
1347
1347
1347
1347
315
11
11
11
23
110
68
68
68
44
44
47
43
797
919
9
167
167
167
755
755
723
1348
1348
1348
1348
993
993
244
654
244
318
1148
1148
469
189
189
1
1148
1036
400
217
448
1184
806
706
1005
1040
1040
1040
921
1349
1349
282
282
672
1042
954
288
98
975
380
380
829
1320
1085
706
467
849
849
849
849
849
849
657
657
657
11
1045
861
77
1350
1350
1259
1259
1053
182
318
266
719
719
208
469
564
564
564
564
585
143
551
377
1250
1250
1311
705
672
963
963
963
429
172
1231
850
850
458
1351
603
1352
869
1351
1352
1352
1352
370
18
381
316
213
102
310
310
60
60
60
948
764
1108
1108
512
512
1147
1147
527
231
678
6
532
14
580
1042
297
410
44
1021
1021
1021
1021
300
1085
1085
198
14
542
59
945
1300
582
979
849
849
625
562
1353
205
389
173
173
173
173
609
1354
1354
310
310
310
118
18
18
335
392
118
137
46
1004
284
284
297
762
762
762
762
105
489
1088
988
172
459
671
9
314
67
533
444
491
32
32
123
804
1186
21
21
21
819
819
819
1355
1355
1355
1355
11
355
796
593
593
994
994
300
300
8
8
1356
1356
1356
638
638
638
638
638
804
804
804
804
804
804
804
804
1053
1053
1357
1357
263
804
19
975
742
1033
1033
1033
1033
548
625
625
248
1358
310
284
284
1359
284
102
284
284
284
284
284
284
284
284
520
369
867
487
487
487
487
797
797
41
30
509
556
556
556
444
1337
1197
790
161
180
1360
1162
738
797
548
535
535
882
882
421
950
109
116
202
624
624
624
1019
457
478
498
754
754
754
54
750
487
785
785
1024
1144
28
23
23
180
180
180
1128
1128
1128
1128
754
442
689
327
1153
1153
846
1295
1295
908
72
72
72
173
173
182
1056
109
495
495
1318
1318
1318
410
410
620
1071
1361
1361
1361
1362
1362
1362
94
94
230
36
36
443
248
310
410
163
239
314
147
156
586
139
1122
132
98
43
134
844
844
46
273
273
1061
542
411
1363
1363
611
1364
1364
1364
1364
402
1336
829
829
747
747
444
1173
1173
1173
456
1365
1365
262
79
79
79
432
1365
210
631
1366
621
909
1366
1366
921
474
470
470
470
950
987
626
626
709
82
1322
123
709
709
709
18
441
441
441
441
441
441
1367
1367
1367
1368
1368
1368
1368
1368
1368
1368
1368
1368
1368
1368
1368
1368
1368
1368
1368
1368
1368
1368
1368
1368
1368
968
968
1205
1205
115
115
115
115
441
441
441
441
593
235
235
235
235
594
225
8
222
493
493
169
631
44
370
370
1073
1073
1073
1073
1073
1073
248
35
19
155
952
225
1259
1125
1125
1125
400
783
310
432
723
723
723
54
54
671
900
900
900
900
900
900
900
1369
900
900
900
900
900
44
402
671
671
719
719
719
44
44
621
984
984
984
812
304
444
984
728
247
247
247
310
164
235
1278
1278
44
574
605
605
605
30
30
355
355
752
797
482
659
659
1183
17
465
465
1370
109
186
1137
205
44
105
945
611
1004
673
673
207
9
498
481
829
489
244
244
54
114
1330
594
1371
1371
1371
812
812
812
812
812
812
812
812
812
812
812
812
812
812
812
812
812
812
812
812
812
812
812
812
812
812
812
812
812
812
812
812
812
812
320
320
320
489
671
44
175
399
551
371
186
839
839
1360
1360
356
235
710
710
710
710
710
710
710
710
710
318
253
553
553
1003
1302
418
418
976
67
44
261
261
882
882
454
454
181
719
303
606
967
68
834
68
68
1372
958
1373
1373
1373
621
621
621
102
854
1048
1048
238
460
681
325
325
117
138
335
335
676
1374
1374
1374
851
421
371
520
294
44
590
186
487
487
121
664
76
259
259
259
259
109
206
248
248
248
248
248
547
208
571
109
109
598
617
669
653
65
16
1144
1144
548
548
548
548
548
548
509
247
339
320
353
524
593
593
872
773
773
187
383
383
172
87
87
87
302
1310
1310
1310
164
1310
1310
1310
1310
840
840
950
606
831
831
831
831
831
831
831
831
831
315
481
1003
594
1290
499
955
955
54
399
323
164
621
954
536
861
413
1375
1375
1375
1375
1375
1375
1375
1375
916
916
1160
7
225
324
324
596
20
19
19
59
19
19
19
19
19
19
19
19
19
19
19
19
19
19
19
19
19
19
19
19
19
19
19
19
19
19
19
19
19
19
233
67
67
359
1376
1376
1376
441
441
441
441
441
44
1377
1377
311
1378
1378
1378
470
441
19
193
852
244
211
1379
228
911
911
911
380
780
780
524
1225
1225
1086
1086
1086
1086
735
170
170
170
302
335
335
1360
777
186
1253
1253
19
19
288
613
425
102
1085
1380
1380
1380
1118
1118
1118
1146
1146
870
870
548
177
177
177
169
169
1071
1163
1163
502
502
358
495
755
99
1381
1381
1381
206
206
1066
1066
1066
1066
205
1222
731
731
142
575
273
43
166
335
25
611
883
8
8
8
407
105
987
987
1053
1053
127
127
817
170
102
102
102
102
297
418
653
1126
1126
1382
1382
111
1382
881
359
1104
1104
245
44
311
486
122
122
122
410
19
109
336
187
187
495
486
1053
1053
878
878
403
811
922
820
820
579
625
441
659
80
19
468
524
1383
1383
1383
213
1308
150
150
555
469
469
469
572
768
482
768
768
213
912
1384
1193
1193
459
213
213
944
432
432
1198
299
899
960
960
960
960
960
960
66
66
854
377
1003
260
571
571
571
553
553
553
797
797
797
797
255
161
1031
1031
374
672
305
172
562
562
562
30
67
1385
1385
1385
1385
1385
759
532
377
437
346
25
1201
984
984
984
172
169
68
36
747
747
105
377
327
327
327
327
157
542
542
525
525
915
80
330
330
134
792
844
241
669
669
1224
1224
1224
1224
1224
1224
1069
316
100
316
316
316
316
316
36
340
425
425
425
425
425
425
60
321
950
436
19
1209
91
762
101
109
109
663
248
418
553
992
484
436
1006
246
180
819
819
620
1311
109
352
95
172
308
42
865
1063
235
235
60
1038
213
77
77
77
355
246
246
246
1331
1331
448
486
486
212
310
161
30
442
30
30
478
401
1136
140
586
30
30
415
54
54
54
54
54
521
421
28
623
619
195
102
109
908
24
592
44
44
44
44
545
181
181
572
482
285
62
616
256
1013
1013
1013
1013
1013
713
262
925
91
960
706
706
706
29
713
1287
1287
1386
1386
1386
1386
1386
1386
1386
242
242
242
242
242
242
242
242
242
242
242
242
242
242
242
242
242
242
242
242
242
242
242
242
242
242
242
242
242
1387
1387
1387
1387
208
487
369
369
369
1146
591
1107
811
208
502
780
583
19
110
797
797
797
487
487
1150
1150
303
303
303
303
654
421
421
298
32
32
1283
1283
1283
289
289
70
707
178
178
178
599
180
799
266
1388
1202
179
1007
1110
1110
1110
0
124
548
1
11
11
245
224
303
303
630
630
388
388
388
388
120
1078
352
347
266
1073
207
207
123
310
803
300
379
222
325
725
701
633
633
704
136
136
463
463
463
14
288
648
239
14
542
143
143
240
5
183
583
983
1137
892
198
350
350
1003
172
172
12
905
180
177
583
19
583
213
1207
1207
1207
1389
1389
1389
1389
654
654
654
516
172
707
591
919
788
1283
297
310
347
387
122
617
617
177
148
148
495
520
152
11
94
102
303
1
206
947
947
947
947
825
825
778
218
318
318
2
187
626
1364
1364
1364
369
369
369
369
415
1390
214
30
1391
1156
612
1197
1003
419
672
1130
60
1313
1313
1313
1313
1313
1313
1313
541
541
541
882
882
882
194
1390
1390
1390
1003
224
667
667
542
590
590
590
590
446
446
446
105
82
1249
1390
1390
1390
410
1303
528
880
1077
220
796
60
543
1
109
109
60
908
1221
548
819
819
819
77
77
77
77
1103
1103
1103
987
987
987
1031
1392
1392
1392
1392
430
430
430
833
1146
1146
827
827
446
1332
1332
1332
1116
1116
1116
30
1037
1037
608
481
481
469
641
1393
1393
1393
1393
1235
1235
1235
808
20
377
631
747
1394
1394
1394
1394
1394
1394
1394
486
1390
1390
1390
1390
1390
1390
264
927
927
385
385
385
458
40
446
912
1227
812
1395
1395
1395
256
799
25
25
833
833
559
702
156
951
239
1297
1281
1281
914
914
914
1220
392
655
655
274
778
778
894
1069
137
87
728
30
771
771
109
309
951
309
309
309
719
1278
1278
851
851
350
908
1224
1029
869
869
621
750
750
48
48
811
743
233
0
0
684
250
173
465
465
465
1045
1045
1045
67
825
825
825
825
825
825
825
825
825
825
825
825
825
825
825
825
825
825
653
98
377
377
473
703
1176
938
938
901
749
478
738
265
265
428
428
285
819
213
887
703
433
838
838
264
548
571
314
1221
1221
320
1325
1325
1325
1325
1325
1325
1325
1325
1325
260
260
76
76
76
608
33
1203
1203
1396
1396
1396
1396
1396
1396
1396
1396
1396
1203
1203
1203
297
274
297
630
320
1335
1004
425
180
180
121
402
464
774
264
264
49
260
518
518
518
518
518
518
518
263
263
320
320
320
1289
44
967
39
284
213
770
770
770
770
770
598
598
68
1028
151
1328
1328
382
496
496
496
114
496
167
579
320
1397
1384
1384
1384
1384
1384
1384
1384
1384
1384
1384
1384
1384
1384
1384
1384
417
369
1186
39
465
123
707
319
305
28
327
327
327
327
327
327
327
327
327
582
848
869
327
327
327
327
672
502
401
289
1398
1398
1398
1398
1069
1069
320
337
1399
1399
1399
1399
18
742
742
378
264
375
469
469
107
107
107
107
390
335
963
337
589
793
793
134
547
486
629
629
819
624
258
753
639
418
44
698
723
1204
1204
1204
1099
1400
1336
84
19
19
19
105
49
1401
1401
1401
1401
998
16
710
710
710
710
710
710
797
797
620
620
187
173
473
474
1139
1402
61
61
61
61
61
186
180
167
220
19
587
642
263
263
263
1316
1143
1393
1358
1358
1358
1358
272
191
337
583
248
248
248
79
751
751
264
19
19
19
245
225
840
102
102
652
652
62
1183
1183
1183
1183
1183
1183
1183
1183
1183
1183
884
1183
1183
262
1370
1370
1370
838
44
169
169
907
667
1321
342
6
6
473
473
1031
244
1048
1048
420
1369
1369
1369
1369
1369
0
1370
1370
314
383
342
1403
1403
1403
848
1103
509
509
509
501
320
1359
1359
1359
248
413
413
413
413
413
413
413
413
413
413
413
413
413
413
413
778
1404
1404
1404
1404
1404
487
659
659
19
19
19
208
208
562
19
19
563
563
170
815
833
197
685
255
417
565
565
1037
1037
737
180
1139
1391
1391
992
1173
218
520
310
173
750
750
750
765
207
207
207
785
785
969
308
308
54
54
54
54
54
1095
1087
1103
76
76
1402
1402
448
55
19
996
1199
1027
811
811
811
811
811
909
129
809
30
809
1027
1027
1027
1027
1362
1087
1087
726
1059
841
460
173
156
325
157
1
891
412
412
434
852
852
852
852
289
54
54
54
19
19
671
37
911
911
911
911
911
67
811
811
811
811
811
811
811
811
811
172
541
541
846
1405
1320
1320
68
320
183
223
186
110
311
1320
621
465
107
353
366
536
30
143
656
656
950
656
107
107
248
584
951
951
951
951
951
951
951
951
951
921
998
106
106
984
984
984
810
810
810
810
810
211
123
558
487
487
399
1031
872
419
419
1265
1265
249
424
424
1193
1193
1193
750
373
373
258
1406
1406
1406
1406
301
301
301
454
1402
215
726
496
496
496
496
496
248
102
142
630
955
369
369
369
67
67
67
111
322
946
946
343
1043
498
498
773
442
562
922
922
811
811
811
1059
1059
631
1085
603
248
248
248
248
754
754
623
623
623
244
244
151
1407
1407
1407
1407
1407
1407
114
834
834
94
94
94
590
1079
106
690
690
907
811
811
811
811
811
172
112
127
127
902
653
107
799
799
266
668
600
600
110
19
19
19
19
478
597
947
254
482
594
594
950
602
430
430
430
430
430
430
430
430
430
441
240
551
601
1408
1408
1408
1408
685
211
325
325
539
1400
1400
1400
1400
1400
237
137
890
700
1363
1268
1268
1268
1268
1268
1268
1268
1268
1268
1268
1268
1268
1268
1268
1268
1268
1268
971
971
971
971
971
654
1003
1003
30
89
1
209
319
518
518
310
310
310
600
600
867
487
757
1333
484
711
711
711
543
121
416
481
481
481
481
481
481
481
1409
1409
1409
893
1177
807
162
484
238
238
481
1405
884
884
1037
935
935
935
935
935
935
935
935
935
210
655
850
850
850
850
850
850
935
935
935
654
935
701
19
19
19
655
599
1219
1219
1219
1219
1219
1219
935
935
1290
1272
1272
67
442
553
482
647
502
601
601
180
1156
432
213
605
12
12
263
446
788
19
617
869
293
377
266
266
266
611
908
447
358
44
44
49
49
49
1234
986
450
945
1410
1410
717
481
225
421
1020
516
516
621
28
1291
1291
1291
811
811
598
598
721
187
598
408
776
57
799
753
680
680
932
1331
263
672
672
1177
811
811
717
1244
1244
590
1411
1411
1411
1411
1411
725
388
388
1119
1119
531
44
33
1108
1108
122
377
656
33
970
970
970
970
970
970
970
970
970
970
970
966
1351
76
450
516
702
180
1177
1177
783
710
274
1213
310
1285
233
222
468
338
102
320
320
712
177
177
54
54
633
558
486
486
325
1042
51
1095
1095
1095
1095
1095
1095
1095
1095
1095
301
98
1374
1374
1123
1123
14
1343
1343
1343
1343
574
131
131
467
352
1353
1353
80
80
307
307
963
1073
1330
1330
1330
234
908
62
182
190
1003
377
43
320
67
67
946
946
1379
323
180
180
421
527
527
527
527
1246
1246
1246
1246
42
1020
1412
1412
1412
1412
323
1308
951
951
951
951
951
951
951
951
951
951
951
951
951
951
951
951
951
951
951
951
951
951
951
951
951
951
951
951
951
951
951
1256
68
598
121
1303
1303
1303
1303
1303
1303
1303
1303
1303
1303
1303
1303
1303
1303
1303
1303
1303
1303
1303
1303
1303
494
494
494
494
962
743
130
172
806
806
896
247
933
206
739
867
1201
1201
1201
615
615
68
68
68
98
968
825
880
30
30
535
987
1333
4
4
4
4
6
62
583
583
297
297
102
1074
1074
201
413
662
54
11
496
441
440
980
1397
1397
289
617
617
976
1085
661
671
1231
1231
1231
1388
1388
262
562
619
1413
1413
1413
1413
1413
1413
1413
1413
442
436
436
172
1231
1231
156
486
486
486
114
114
114
1270
1270
1270
1270
1270
1270
1270
1270
1270
1270
1270
1270
1270
1270
941
941
941
109
897
897
364
654
67
555
539
19
193
1083
691
248
32
1414
1414
1414
1415
1415
1415
1415
627
240
240
553
553
553
553
19
19
19
1416
1416
1416
1192
1413
1413
1413
269
1112
28
955
794
719
780
111
1152
1152
354
1417
1417
1417
1417
842
390
390
390
324
844
675
845
844
688
325
240
1264
1343
1343
1343
140
1132
1132
340
1371
1371
1371
719
719
719
719
719
719
719
719
274
653
101
101
380
1364
897
1219
674
799
1129
1129
846
846
846
846
1193
318
318
550
550
550
550
534
716
1065
1065
1065
1065
1065
1065
606
384
548
4
4
535
535
535
535
535
535
310
310
914
1142
1250
1003
1003
1003
322
545
545
244
308
372
1007
1007
109
691
1206
114
58
186
655
1418
1418
1418
1418
1418
1418
1418
1418
1418
256
411
37
482
1108
1108
751
1372
1372
19
462
458
102
487
487
487
487
